0 0 0 0
1 0 0 0
2 0 0 0
3 0 0 0
4 0 0 0
5 0 0 0
6 0 0 0
7 0 0 0
8 0 0 0
9 0 0 0
10 0 0 0
11 1 0 0
12 1 0 0
13 1 0 0
14 0 0 0
15 1 0 0
16 1 0 0
17 2 0 0
18 3 0 0
19 4 0 0
20 4 0 0
21 3 0 0
22 4 0 1
23 4 0 1
24 5 0 1
25 6 0 1
26 5 0 1
27 6 0 1
28 8 0 1
29 5 0 1
30 5 0 1
31 9 0 1
32 9 0 1
33 7 0 0
34 8 0 1
35 11 0 0
36 9 0 0
37 9 0 1
38 7 0 1
39 9 0 1
40 10 0 1
41 12 0 1
42 13 0 1
43 11 0 0
44 13 0 1
45 13 0 1
46 11 0 1
47 13 0 1
48 16 0 1
49 14 0 1
50 10 0 1
51 13 0 1
52 12 0 1
53 13 0 1
54 14 0 1
55 15 0 1
56 15 0 1
57 16 0 1
58 15 0 1
59 18 0 1
60 18 0 1
61 18 0 1
62 16 0 1
63 18 0 1
64 18 0 1
65 18 0 1
66 19 0 1
67 19 0 1
68 19 0 1
69 18 0 1
70 19 0 1
71 17 0 1
72 19 0 1
73 17 0 1
74 17 0 1
75 16 0 1
76 18 0 1
77 20 0 1
78 18 0 1
79 19 0 1
80 20 0 1
81 23 0 1
82 21 0 0
83 23 0 1
84 22 0 1
85 24 0 1
86 21 0 1
87 20 0 1
88 23 0 1
89 23 0 1
90 24 0 1
91 23 0 0
92 20 0 1
93 23 0 1
94 22 0 1
95 21 0 1
96 23 0 1
97 22 0 1
98 22 0 1
99 22 0 1
100 22 0 1
101 22 0 0
102 21 0 0
103 21 0 1
104 22 0 0
105 21 0 1
106 21 0 1
107 18 0 0
108 17 0 1
109 21 0 1
110 21 0 1
111 21 0 1
112 21 0 1
113 21 0 1
114 20 0 1
115 21 0 1
116 23 0 1
117 26 0 1
118 23 0 1
119 21 0 1
120 20 0 1
121 21 0 1
122 21 0 1
123 21 0 1
124 20 0 1
125 19 0 1
126 20 0 1
127 17 0 1
128 17 0 1
129 15 0 1
130 15 0 1
131 15 0 1
132 19 0 1
133 19 0 1
134 19 0 1
135 21 0 1
136 19 0 1
137 18 0 1
138 22 0 1
139 22 0 1
140 23 0 1
141 22 0 1
142 22 0 1
143 20 0 1
144 21 0 1
145 20 0 1
146 19 0 1
147 18 0 1
148 19 0 1
149 22 0 1
150 23 0 1
151 21 0 1
152 21 0 1
153 23 0 1
154 22 0 1
155 23 0 1
156 18 0 1
157 20 0 1
158 21 0 1
159 20 0 1
160 19 0 1
161 23 0 1
162 24 0 1
163 24 0 1
164 24 0 1
165 22 0 1
166 19 0 1
167 18 0 1
168 22 0 1
169 21 0 1
170 23 0 1
171 21 0 1
172 21 0 1
173 18 0 1
174 20 0 1
175 19 0 1
176 20 0 1
177 21 0 1
178 22 0 1
179 20 0 1
180 19 0 1
181 21 0 1
182 21 0 1
183 21 0 1
184 22 0 1
185 22 0 1
186 23 0 1
187 21 0 1
188 21 0 1
189 22 0 1
190 23 0 1
191 21 0 1
192 25 0 1
193 24 0 1
194 23 0 1
195 22 0 1
196 23 0 1
197 23 0 1
198 23 0 1
199 22 0 1
200 23 0 1
201 23 0 1
202 23 0 1
203 21 0 1
204 20 0 1
205 22 0 1
206 24 0 1
207 22 0 1
208 21 0 1
209 20 0 1
210 19 0 1
211 20 0 1
212 21 0 1
213 22 0 1
214 26 0 1
215 24 0 1
216 25 0 1
217 24 0 1
218 20 0 1
219 21 0 1
220 18 0 1
221 17 0 1
222 18 0 1
223 18 0 1
224 19 0 2
225 21 0 1
226 20 0 2
227 19 0 2
228 18 0 2
229 18 0 2
230 19 0 2
231 20 0 2
232 18 0 2
233 18 0 2
234 20 0 2
235 20 0 2
236 19 0 2
237 20 0 2
238 20 0 2
239 23 0 2
240 23 0 2
241 23 0 2
242 21 0 2
243 19 0 1
244 22 0 2
245 22 0 2
246 20 0 3
247 21 0 3
248 25 0 2
249 23 0 2
250 19 0 2
251 19 0 2
252 18 0 2
253 18 0 2
254 21 0 2
255 22 0 2
256 21 0 3
257 21 0 2
258 21 0 2
259 23 0 2
260 25 0 2
261 23 0 3
262 21 0 2
263 22 0 3
264 22 0 2
265 20 0 4
266 20 0 2
267 21 0 2
268 21 0 3
269 25 0 3
270 26 0 3
271 24 0 3
272 25 0 3
273 26 0 3
274 27 0 3
275 26 0 3
276 23 0 3
277 25 0 3
278 25 0 4
279 22 0 3
280 24 0 2
281 27 0 4
282 23 0 4
283 25 0 4
284 23 0 5
285 29 0 3
286 26 0 3
287 26 0 3
288 28 0 3
289 27 0 3
290 26 0 4
291 27 0 4
292 25 0 4
293 28 0 4
294 24 0 5
295 22 0 5
296 25 0 4
297 27 0 4
298 27 0 5
299 29 0 6
300 29 0 6
301 31 0 6
302 32 0 4
303 30 0 4
304 29 0 6
305 29 0 7
306 27 0 7
307 25 0 7
308 27 0 5
309 28 0 4
310 24 0 6
311 23 0 5
312 25 0 5
313 29 0 5
314 30 0 5
315 29 0 4
316 31 0 5
317 29 0 5
318 28 0 7
319 28 0 6
320 26 0 7
321 30 0 7
322 30 0 7
323 31 0 7
324 33 0 7
325 33 0 7
326 32 0 7
327 29 0 6
328 28 0 6
329 29 0 7
330 27 0 8
331 28 0 8
332 29 0 8
333 28 0 5
334 28 0 7
335 32 0 8
336 28 0 8
337 29 0 7
338 32 0 7
339 29 0 8
340 31 0 7
341 30 0 8
342 35 0 8
343 34 0 8
344 35 0 8
345 36 0 8
346 33 0 8
347 35 0 8
348 38 0 8
349 35 0 7
350 33 0 8
351 32 0 9
352 31 0 9
353 29 0 9
354 29 0 9
355 33 0 8
356 36 0 8
357 33 0 9
358 33 0 7
359 36 0 9
360 33 0 8
361 36 0 9
362 32 0 9
363 35 0 9
364 35 0 9
365 36 0 9
366 38 0 9
367 37 0 9
368 37 0 9
369 39 0 9
370 40 0 9
371 37 0 9
372 40 0 8
373 37 0 7
374 31 0 8
375 33 0 7
376 37 0 7
377 35 0 8
378 36 0 7
379 36 0 8
380 34 0 7
381 38 0 9
382 38 0 9
383 39 0 8
384 38 0 9
385 40 0 8
386 38 0 9
387 36 0 9
388 37 0 9
389 37 0 10
390 37 0 10
391 36 0 7
392 36 0 9
393 33 0 8
394 34 0 8
395 32 0 10
396 36 0 10
397 37 0 9
398 37 0 9
399 35 0 10
400 36 0 9
