0 0 0 0
1 0 0 0
2 0 0 0
3 0 0 0
4 0 0 0
5 0 0 0
6 0 0 0
7 0 0 0
8 0 0 0
9 0 0 0
10 0 0 0
11 0 0 0
12 0 0 0
13 0 0 0
14 1 0 0
15 0 0 0
16 0 0 0
17 0 0 0
18 1 0 0
19 1 0 0
20 1 0 0
21 3 0 0
22 3 0 0
23 3 0 0
24 1 0 0
25 2 0 0
26 3 0 0
27 2 0 0
28 6 0 0
29 5 0 0
30 5 0 0
31 5 0 0
32 6 0 0
33 6 0 0
34 7 0 0
35 5 0 0
36 6 0 0
37 7 0 0
38 5 0 0
39 3 0 0
40 7 0 0
41 7 0 0
42 9 0 0
43 8 0 0
44 8 0 0
45 8 0 0
46 9 0 0
47 9 0 0
48 11 0 0
49 11 0 0
50 10 0 0
51 10 0 0
52 11 0 0
53 11 0 0
54 11 0 0
55 8 0 0
56 12 0 0
57 10 0 0
58 11 0 0
59 9 0 0
60 10 0 0
61 11 0 0
62 12 0 0
63 10 0 0
64 10 0 0
65 13 0 0
66 12 0 0
67 12 0 0
68 14 0 0
69 13 0 0
70 14 0 0
71 13 0 0
72 14 0 0
73 12 0 0
74 13 0 0
75 14 0 0
76 11 0 0
77 15 0 0
78 14 0 0
79 14 0 0
80 15 0 0
81 16 0 0
82 13 0 0
83 15 0 0
84 18 0 0
85 16 0 0
86 14 0 0
87 15 0 0
88 16 0 0
89 16 0 0
90 18 0 0
91 15 0 0
92 15 0 0
93 16 0 0
94 14 0 0
95 13 0 0
96 14 0 0
97 14 0 0
98 17 0 0
99 15 0 0
100 16 0 0
101 15 0 0
102 15 0 0
103 14 0 0
104 13 0 0
105 12 0 0
106 13 0 0
107 15 0 0
108 16 0 0
109 15 0 0
110 13 0 0
111 10 0 0
112 13 0 0
113 12 0 0
114 16 0 0
115 17 0 0
116 16 0 0
117 13 0 0
118 13 0 0
119 14 0 0
120 15 0 0
121 13 0 0
122 14 0 0
123 12 0 0
124 13 0 0
125 15 0 0
126 14 0 0
127 14 0 0
128 14 0 0
129 14 0 0
130 14 0 0
131 14 0 0
132 16 0 0
133 14 0 0
134 15 0 0
135 16 0 0
136 16 0 0
137 15 0 0
138 17 0 0
139 15 0 0
140 17 0 0
141 15 0 0
142 15 0 0
143 15 0 0
144 15 0 0
145 14 0 0
146 16 0 0
147 16 0 0
148 16 0 0
149 16 0 0
150 14 0 0
151 13 0 0
152 12 0 0
153 12 0 1
154 12 0 1
155 11 0 1
156 13 0 1
157 14 0 1
158 15 0 1
159 14 0 1
160 14 0 1
161 16 0 1
162 14 0 1
163 16 0 1
164 17 0 1
165 14 0 1
166 18 0 1
167 18 0 1
168 17 0 1
169 15 0 1
170 15 0 1
171 15 0 1
172 12 0 1
173 12 0 1
174 14 0 1
175 13 0 1
176 13 0 1
177 15 0 1
178 13 0 1
179 12 0 1
180 14 0 1
181 15 0 1
182 13 0 1
183 14 0 1
184 14 0 1
185 12 0 1
186 12 0 1
187 12 0 1
188 11 0 1
189 12 0 1
190 13 0 1
191 12 0 1
192 13 0 1
193 12 0 1
194 15 0 1
195 16 0 1
196 16 0 1
197 16 0 1
198 16 0 1
199 14 0 1
200 11 0 1
201 13 0 1
202 13 0 2
203 13 0 2
204 14 0 1
205 15 0 1
206 10 0 2
207 12 0 2
208 15 0 1
209 15 0 1
210 15 0 0
211 14 0 1
212 16 0 1
213 15 0 0
214 16 0 1
215 14 0 1
216 11 0 1
217 12 0 0
218 13 0 1
219 16 0 1
220 16 0 0
221 16 0 1
222 15 0 2
223 15 0 1
224 15 0 0
225 15 0 2
226 16 0 2
227 16 0 2
228 16 0 2
229 13 0 2
230 13 0 1
231 12 0 2
232 14 0 3
233 14 0 2
234 14 0 2
235 13 0 2
236 13 0 2
237 14 0 1
238 12 0 2
239 13 0 3
240 15 0 2
241 15 0 1
242 15 0 1
243 14 0 3
244 16 0 3
245 17 0 1
246 16 0 2
247 16 0 2
248 15 0 2
249 14 0 2
250 15 0 3
251 14 0 2
252 11 0 2
253 12 0 1
254 13 0 2
255 14 0 2
256 14 0 2
257 14 0 2
258 13 0 4
259 14 0 2
260 15 0 2
261 16 0 3
262 17 0 3
263 16 0 3
264 16 0 3
265 14 0 3
266 14 0 3
267 13 1 3
268 16 1 3
269 16 0 3
270 17 0 3
271 12 0 3
272 12 0 4
273 12 0 4
274 14 0 1
275 16 0 3
276 14 0 3
277 13 1 4
278 13 1 4
279 15 0 4
280 15 0 4
281 15 1 2
282 14 1 4
283 16 1 3
284 15 1 3
285 16 1 4
286 14 1 4
287 14 1 3
288 14 1 4
289 14 1 3
290 12 1 2
291 14 1 2
292 15 1 1
293 14 1 4
294 16 1 1
295 17 1 2
296 14 1 2
297 12 1 2
298 12 1 1
299 12 1 2
300 12 1 3
301 11 1 3
302 13 1 3
303 13 1 4
304 11 1 5
305 13 0 5
306 13 0 4
307 13 1 4
308 15 1 4
309 14 1 3
310 13 1 4
311 14 1 4
312 14 0 5
313 16 0 4
314 16 0 4
315 18 0 5
316 17 1 4
317 15 1 4
318 14 0 4
319 16 0 6
320 14 0 4
321 12 1 5
322 16 1 4
323 19 1 5
324 17 1 6
325 18 1 5
326 18 1 4
327 20 1 4
328 18 0 5
329 16 1 5
330 14 1 3
331 15 1 2
332 14 1 3
333 15 1 6
334 14 1 4
335 20 1 3
336 18 1 3
337 17 1 5
338 20 1 5
339 24 1 3
340 21 1 6
341 22 1 6
342 22 1 5
343 22 1 3
344 19 1 3
345 23 1 5
346 21 1 6
347 19 1 4
348 21 1 6
349 17 1 5
350 18 1 3
351 20 1 6
352 19 0 5
353 20 1 4
354 19 1 3
355 19 1 4
356 19 1 4
357 21 1 5
358 21 1 4
359 18 1 2
360 16 1 5
361 16 1 6
362 18 1 6
363 18 1 7
364 21 1 6
365 21 1 5
366 22 1 5
367 20 1 5
368 20 1 4
369 17 1 7
370 17 1 6
371 17 1 5
372 19 1 5
373 18 1 6
374 20 1 7
375 21 1 7
376 20 1 7
377 18 1 6
378 21 1 6
379 21 1 6
380 18 1 7
381 16 1 7
382 15 1 7
383 17 1 6
384 18 1 6
385 18 1 5
386 21 1 5
387 20 1 6
388 19 1 7
389 18 1 5
390 18 1 4
391 18 1 6
392 19 1 5
393 20 1 5
394 20 1 5
395 19 1 6
396 20 1 6
397 21 1 5
398 22 1 5
399 22 1 7
400 22 1 7
