0 0 0 0
1 0 0 0
2 0 0 0
3 0 0 0
4 0 0 0
5 0 0 0
6 0 0 0
7 0 0 0
8 0 0 0
9 1 0 0
10 1 0 0
11 1 0 0
12 1 0 0
13 2 0 0
14 2 0 0
15 1 0 0
16 0 0 0
17 0 0 0
18 1 0 0
19 1 0 0
20 2 0 0
21 2 0 0
22 3 0 0
23 2 0 0
24 2 0 0
25 1 0 0
26 3 0 0
27 4 0 0
28 4 0 0
29 4 0 0
30 3 0 0
31 4 0 0
32 5 0 0
33 5 0 0
34 5 0 0
35 5 0 0
36 5 0 0
37 3 0 0
38 3 0 0
39 7 0 0
40 6 0 0
41 6 0 0
42 5 0 0
43 7 0 0
44 7 0 0
45 7 0 0
46 6 0 0
47 8 0 0
48 6 0 0
49 8 0 0
50 8 0 0
51 9 0 0
52 9 0 0
53 7 0 0
54 8 0 0
55 6 0 0
56 8 0 0
57 10 0 0
58 9 0 0
59 10 0 0
60 9 0 0
61 10 0 0
62 9 0 0
63 10 0 0
64 12 0 0
65 11 0 0
66 10 0 0
67 12 0 0
68 11 0 0
69 12 0 0
70 12 0 0
71 13 0 0
72 10 0 0
73 10 0 0
74 12 0 0
75 13 0 0
76 12 0 0
77 14 0 0
78 10 0 0
79 12 0 0
80 10 0 0
81 13 0 0
82 14 0 0
83 14 0 0
84 14 0 0
85 11 0 0
86 14 0 0
87 14 0 0
88 15 0 0
89 14 0 0
90 15 0 0
91 16 0 0
92 17 0 0
93 16 0 0
94 15 0 0
95 16 0 0
96 17 0 0
97 18 0 0
98 17 0 0
99 16 0 0
100 16 0 0
101 15 0 0
102 15 0 0
103 14 0 0
104 13 0 0
105 13 0 0
106 14 0 0
107 16 0 0
108 18 0 0
109 17 0 0
110 15 0 0
111 14 0 0
112 15 0 0
113 13 0 0
114 12 0 0
115 18 0 0
116 17 0 0
117 15 0 0
118 15 0 0
119 14 0 0
120 13 0 0
121 14 0 0
122 14 0 0
123 10 0 0
124 10 0 0
125 10 0 0
126 11 0 0
127 13 0 0
128 13 0 0
129 14 0 0
130 16 0 0
131 16 0 0
132 16 0 0
133 14 0 0
134 11 0 0
135 11 0 0
136 16 0 0
137 14 0 0
138 14 0 0
139 15 0 0
140 15 0 0
141 13 0 0
142 11 0 0
143 9 0 0
144 9 0 0
145 10 0 0
146 11 0 0
147 12 0 0
148 13 0 0
149 12 0 0
150 12 0 0
151 15 0 0
152 14 0 0
153 15 0 0
154 16 0 0
155 16 0 0
156 13 0 0
157 15 0 0
158 18 0 0
159 18 0 0
160 20 0 0
161 20 0 0
162 18 0 0
163 13 0 0
164 13 0 0
165 15 0 0
166 14 0 0
167 15 0 0
168 14 0 0
169 15 0 0
170 16 0 0
171 16 0 0
172 17 0 0
173 16 0 0
174 17 0 0
175 18 0 0
176 18 0 0
177 18 0 0
178 17 0 0
179 15 0 0
180 16 0 0
181 16 0 0
182 17 0 0
183 16 0 0
184 14 0 0
185 14 0 0
186 14 0 0
187 13 0 0
188 15 0 0
189 15 0 0
190 15 0 0
191 16 0 0
192 14 0 0
193 14 0 0
194 14 0 0
195 15 0 0
196 15 0 0
197 14 0 0
198 13 0 0
199 15 0 0
200 14 0 0
201 13 0 0
202 12 0 0
203 15 0 0
204 16 0 0
205 14 0 0
206 16 0 0
207 16 0 0
208 18 0 0
209 16 0 0
210 18 0 0
211 18 0 0
212 16 0 0
213 16 0 0
214 14 0 0
215 15 0 0
216 15 0 0
217 17 0 0
218 17 0 0
219 15 0 0
220 15 0 0
221 16 0 0
222 17 0 0
223 19 0 0
224 18 0 0
225 18 0 0
226 19 0 0
227 18 0 0
228 19 0 0
229 17 0 0
230 16 0 0
231 14 0 0
232 13 0 0
233 14 0 0
234 15 0 0
235 14 0 0
236 13 0 0
237 9 0 0
238 12 0 0
239 11 0 0
240 16 0 0
241 14 0 0
242 17 0 0
243 17 0 0
244 17 0 0
245 16 0 0
246 16 0 0
247 17 0 0
248 16 0 0
249 15 0 0
250 13 0 0
251 15 0 0
252 14 0 0
253 16 0 0
254 11 0 0
255 16 0 0
256 16 0 0
257 17 0 0
258 16 0 0
259 16 0 0
260 20 0 0
261 20 0 0
262 19 0 0
263 19 0 0
264 18 0 0
265 17 0 0
266 17 1 0
267 16 0 0
268 16 0 0
269 16 0 0
270 18 0 0
271 18 0 0
272 16 0 0
273 16 0 1
274 15 0 1
275 17 0 0
276 18 0 0
277 17 0 0
278 17 0 1
279 15 0 1
280 14 0 0
281 15 0 0
282 13 0 0
283 14 0 0
284 14 0 0
285 10 0 0
286 12 0 0
287 14 0 0
288 14 0 1
289 13 0 1
290 14 0 1
291 15 0 1
292 16 0 1
293 15 0 0
294 14 0 0
295 14 0 1
296 12 0 0
297 14 0 0
298 14 0 0
299 17 0 1
300 21 0 1
301 20 0 1
302 20 0 1
303 17 0 1
304 18 0 1
305 18 0 1
306 17 0 1
307 17 0 1
308 16 0 1
309 16 0 1
310 15 1 0
311 16 1 0
312 16 1 0
313 17 1 0
314 19 1 0
315 21 1 0
316 22 1 0
317 22 1 1
318 19 1 1
319 18 1 1
320 15 1 1
321 17 1 1
322 16 1 1
323 16 1 1
324 18 1 1
325 18 1 1
326 18 1 1
327 24 1 1
328 24 1 1
329 22 1 1
330 21 1 0
331 20 1 0
332 18 1 0
333 18 1 1
334 18 1 1
335 17 1 1
336 17 1 1
337 18 1 1
338 19 1 1
339 20 1 1
340 19 1 1
341 17 1 1
342 20 1 0
343 19 1 0
344 18 1 1
345 18 1 1
346 16 1 1
347 18 1 1
348 18 1 1
349 18 1 1
350 18 1 1
351 19 1 1
352 18 1 1
353 20 1 1
354 20 1 1
355 24 1 1
356 22 1 1
357 22 1 1
358 21 1 1
359 21 1 1
360 21 1 1
361 20 1 1
362 23 1 1
363 20 1 1
364 19 1 1
365 19 1 1
366 18 1 1
367 21 1 1
368 23 1 1
369 21 1 1
370 21 1 1
371 20 1 1
372 19 1 1
373 17 1 1
374 19 1 1
375 20 1 1
376 15 1 1
377 14 1 1
378 17 1 1
379 21 1 1
380 18 1 1
381 23 1 1
382 21 1 1
383 22 1 1
384 21 1 1
385 19 1 1
386 17 1 1
387 17 1 1
388 18 1 1
389 16 1 1
390 21 1 1
391 20 1 1
392 19 1 1
393 17 1 1
394 18 1 1
395 17 1 1
396 19 1 1
397 19 1 1
398 21 1 1
399 18 1 1
400 15 1 1
