0 0 0 0
1 0 0 0
2 0 0 0
3 0 0 0
4 0 0 0
5 0 0 0
6 0 0 0
7 0 0 0
8 0 0 0
9 0 0 0
10 1 0 0
11 1 0 0
12 1 0 0
13 0 0 0
14 2 0 0
15 2 0 0
16 1 0 0
17 0 0 0
18 1 0 0
19 1 0 0
20 2 0 0
21 2 0 0
22 3 0 0
23 4 0 0
24 4 0 0
25 3 0 0
26 2 0 0
27 5 0 0
28 4 0 0
29 5 0 0
30 3 0 0
31 5 0 0
32 4 0 0
33 5 0 0
34 6 0 0
35 7 0 0
36 5 0 0
37 4 0 0
38 4 0 0
39 4 0 0
40 6 0 0
41 5 0 0
42 6 0 0
43 6 0 0
44 6 0 0
45 8 0 0
46 8 0 0
47 7 0 0
48 5 0 0
49 9 0 0
50 8 0 0
51 9 0 0
52 8 0 0
53 6 0 0
54 10 0 0
55 10 0 0
56 9 0 0
57 8 0 0
58 10 0 0
59 9 0 0
60 10 0 1
61 11 0 1
62 13 0 1
63 12 0 1
64 14 0 1
65 14 0 1
66 13 0 1
67 12 0 1
68 12 0 1
69 12 0 1
70 13 0 1
71 13 0 1
72 13 0 2
73 13 0 1
74 15 0 1
75 15 0 2
76 15 0 1
77 16 0 1
78 16 0 1
79 13 0 1
80 13 0 1
81 16 0 1
82 18 0 1
83 18 0 2
84 17 0 2
85 18 0 1
86 18 0 1
87 16 0 1
88 15 0 1
89 15 0 1
90 14 0 1
91 16 0 1
92 18 0 2
93 17 0 1
94 18 0 1
95 18 0 1
96 17 0 2
97 15 0 2
98 17 0 1
99 16 0 1
100 19 0 2
101 18 0 2
102 16 0 2
103 16 0 0
104 15 0 2
105 19 0 2
106 19 0 1
107 18 0 1
108 17 0 2
109 16 0 1
110 16 0 1
111 18 0 0
112 16 0 2
113 15 0 1
114 15 0 1
115 15 0 2
116 15 0 1
117 16 0 0
118 18 0 1
119 18 0 2
120 17 0 2
121 17 0 2
122 17 0 2
123 15 0 2
124 11 0 1
125 13 0 2
126 14 0 2
127 17 0 0
128 16 0 2
129 15 0 1
130 13 0 2
131 15 0 1
132 14 0 2
133 14 0 2
134 15 0 2
135 16 0 2
136 19 0 2
137 17 0 2
138 17 0 1
139 16 0 2
140 16 0 2
141 17 0 2
142 17 0 1
143 18 0 2
144 17 0 2
145 16 0 1
146 19 0 0
147 18 0 2
148 17 0 3
149 15 0 2
150 17 0 1
151 16 0 3
152 19 0 2
153 19 0 2
154 18 0 2
155 18 0 1
156 19 0 3
157 18 0 2
158 19 0 2
159 20 0 2
160 17 0 3
161 20 0 3
162 20 0 2
163 20 0 2
164 19 0 3
165 20 0 3
166 19 0 1
167 18 0 2
168 14 0 3
169 13 0 3
170 17 0 1
171 17 0 1
172 18 0 3
173 19 0 2
174 16 0 2
175 16 0 1
176 17 0 2
177 13 0 4
178 16 0 3
179 13 0 3
180 14 0 2
181 17 0 3
182 18 0 4
183 17 0 2
184 19 0 1
185 21 0 2
186 19 0 4
187 16 0 3
188 21 0 2
189 22 0 3
190 21 0 3
191 21 0 3
192 22 0 4
193 18 0 5
194 19 0 4
195 17 0 3
196 15 0 3
197 14 0 5
198 15 0 5
199 16 0 3
200 16 0 3
201 17 0 6
202 18 0 4
203 19 0 2
204 20 0 2
205 18 0 6
206 16 0 5
207 17 0 3
208 16 0 4
209 16 0 5
210 15 0 5
211 15 0 4
212 15 0 6
213 16 0 3
214 17 0 5
215 16 0 4
216 14 0 4
217 15 0 4
218 15 0 4
219 17 0 5
220 18 0 6
221 17 0 5
222 16 0 4
223 17 0 3
224 16 0 5
225 17 0 6
226 19 0 4
227 17 0 4
228 19 0 5
229 18 0 7
230 16 0 6
231 14 0 5
232 15 0 4
233 11 0 6
234 12 0 6
235 15 0 4
236 16 0 3
237 19 0 4
238 19 0 6
239 18 0 6
240 15 0 3
241 14 0 5
242 14 0 4
243 17 0 6
244 16 0 5
245 16 0 5
246 16 0 6
247 17 0 6
248 18 0 7
249 18 0 4
250 19 0 4
251 19 0 4
252 20 0 5
253 20 0 6
254 20 0 6
255 20 0 8
256 13 0 5
257 14 0 3
258 14 0 5
259 16 0 5
260 17 0 6
261 22 0 5
262 22 0 5
263 20 0 6
264 18 0 6
265 17 0 4
266 16 0 5
267 15 0 5
268 14 0 8
269 14 0 5
270 16 0 3
271 17 0 4
272 15 0 7
273 18 0 6
274 17 0 4
275 17 0 4
276 14 0 4
277 18 0 2
278 17 0 4
279 17 0 6
280 18 1 7
281 18 0 5
282 18 0 4
283 18 0 7
284 19 0 4
285 20 1 4
286 19 0 6
287 19 0 5
288 21 0 6
289 20 0 5
290 22 0 6
291 24 0 6
292 22 1 6
293 22 0 6
294 22 0 6
295 23 0 6
296 23 0 7
297 24 0 4
298 22 0 6
299 21 1 5
300 17 0 6
301 21 0 8
302 20 1 7
303 19 0 4
304 19 1 7
305 22 0 7
306 24 1 6
307 24 1 5
308 26 1 6
309 24 1 8
310 24 1 8
311 24 1 6
312 22 1 7
313 22 1 7
314 25 1 5
315 24 0 6
316 22 0 6
317 22 1 5
318 22 1 6
319 24 1 4
320 27 1 3
321 25 0 7
322 22 0 7
323 23 1 7
324 26 1 8
325 27 0 7
326 24 0 6
327 24 0 5
328 23 0 8
329 23 0 8
330 21 0 8
331 21 0 7
332 21 0 6
333 20 1 5
334 23 1 7
335 26 1 7
336 24 1 7
337 27 1 8
338 26 1 7
339 26 1 8
340 26 0 9
341 25 1 9
342 24 1 8
343 23 1 7
344 22 0 8
345 26 0 7
346 25 0 7
347 21 1 7
348 20 0 9
349 22 0 9
350 23 0 7
351 24 0 6
352 24 0 8
353 25 0 10
354 25 0 9
355 27 0 8
356 25 0 8
357 23 0 10
358 28 0 9
359 26 1 8
360 28 0 9
361 28 0 10
362 29 0 9
363 29 0 8
364 28 0 8
365 30 0 9
366 30 0 9
367 25 0 8
368 26 0 9
369 27 0 8
370 30 0 9
371 29 0 9
372 27 0 9
373 29 0 8
374 33 0 8
375 33 0 9
376 32 0 9
377 29 0 9
378 27 0 8
379 26 0 7
380 28 0 7
381 28 0 8
382 26 0 9
383 27 0 8
384 26 0 9
385 25 0 8
386 24 0 6
387 25 0 7
388 27 0 7
389 26 0 9
390 25 0 8
391 29 0 8
392 31 0 7
393 33 0 9
394 29 0 9
395 30 0 9
396 31 0 10
397 32 0 9
398 33 0 8
399 32 0 9
400 32 1 9
