0 0 0 0
1 0 0 0
2 0 0 0
3 0 0 0
4 0 0 0
5 0 0 0
6 0 0 0
7 0 0 0
8 0 0 0
9 0 0 0
10 0 0 0
11 0 0 0
12 1 0 0
13 1 0 0
14 3 0 0
15 3 0 0
16 3 0 0
17 3 0 0
18 2 0 0
19 4 0 0
20 3 0 1
21 5 0 0
22 9 0 0
23 8 0 0
24 7 0 0
25 6 0 1
26 9 0 1
27 9 0 1
28 10 0 1
29 9 0 0
30 10 0 1
31 9 0 1
32 12 0 1
33 11 0 1
34 12 0 2
35 11 0 1
36 11 0 1
37 12 0 2
38 10 0 2
39 13 0 1
40 17 0 2
41 17 0 2
42 16 0 2
43 16 0 1
44 16 0 1
45 13 0 2
46 16 0 2
47 15 0 2
48 14 0 1
49 14 0 1
50 13 0 2
51 14 0 2
52 13 0 1
53 11 0 1
54 14 0 2
55 18 0 2
56 18 0 2
57 18 0 2
58 19 0 2
59 18 0 2
60 19 0 1
61 15 0 2
62 17 0 2
63 20 0 2
64 22 0 2
65 19 0 2
66 17 0 2
67 17 0 3
68 20 0 2
69 21 0 1
70 18 0 1
71 22 0 2
72 18 0 2
73 21 1 2
74 22 1 2
75 21 1 2
76 24 0 2
77 20 1 2
78 21 0 2
79 24 0 1
80 24 0 2
81 24 0 3
82 24 0 3
83 25 0 3
84 24 0 3
85 24 0 2
86 24 0 2
87 23 0 3
88 19 0 3
89 23 1 2
90 25 0 4
91 26 0 3
92 25 0 3
93 21 0 4
94 23 0 4
95 19 0 2
96 24 0 4
97 25 0 4
98 22 0 3
99 25 0 4
100 28 0 3
101 28 0 4
102 27 0 4
103 25 0 4
104 25 0 4
105 24 1 4
106 23 0 4
107 21 1 4
108 26 0 4
109 25 0 3
110 28 1 4
111 29 1 4
112 27 0 3
113 25 0 3
114 26 0 4
115 29 0 4
116 30 0 4
117 31 0 3
118 31 0 3
119 31 1 4
120 29 0 4
121 27 1 4
122 25 0 4
123 28 0 3
124 29 1 3
125 26 0 3
126 28 0 4
127 28 0 5
128 30 0 5
129 29 0 4
130 30 1 6
131 30 0 4
132 27 0 5
133 25 0 6
134 26 0 5
135 24 0 4
136 23 0 4
137 24 0 4
138 22 1 4
139 22 0 6
140 22 0 4
141 23 1 5
142 25 0 6
143 25 1 6
144 24 0 5
145 23 1 5
146 25 1 6
147 25 0 6
148 29 1 5
149 30 0 6
150 30 1 5
151 29 0 5
152 27 1 6
153 27 1 6
154 30 2 6
155 30 2 6
156 28 2 6
157 29 2 5
158 29 2 5
159 31 1 7
160 30 1 6
161 33 1 5
162 30 0 6
163 29 1 6
164 30 1 6
165 29 0 7
166 29 1 7
167 27 2 7
168 26 1 7
169 27 1 6
170 26 1 6
171 26 1 6
172 25 1 7
173 26 1 7
174 26 1 7
175 25 0 7
176 30 0 7
177 31 0 7
178 32 1 7
179 28 1 7
180 29 0 7
181 31 0 7
182 32 1 6
183 31 0 6
184 33 1 7
185 33 0 7
186 33 2 6
187 30 1 6
188 31 1 6
189 31 1 7
190 28 1 7
191 28 1 6
192 28 2 6
193 30 2 7
194 28 1 7
195 32 1 7
196 28 2 6
197 29 0 5
198 29 2 6
199 30 1 6
200 32 1 5
201 31 1 5
202 33 1 7
203 34 0 7
204 35 1 6
205 34 2 6
206 33 2 5
207 32 1 7
208 32 2 7
209 29 2 6
210 30 1 6
211 31 2 6
212 29 0 6
213 31 2 7
214 34 1 7
215 36 1 7
216 35 2 7
217 34 1 7
218 33 2 7
219 31 2 7
220 32 2 7
221 33 2 7
222 34 2 7
223 33 2 7
224 33 1 7
225 32 2 7
226 30 0 7
227 30 1 8
228 30 1 9
229 32 1 6
230 31 0 6
231 29 2 5
232 30 1 6
233 27 2 7
234 27 2 7
235 34 2 6
236 35 2 9
237 35 0 7
238 30 1 7
239 30 1 7
240 33 1 8
241 36 1 8
242 36 1 8
243 36 2 8
244 36 2 8
245 32 2 6
246 32 2 7
247 34 2 7
248 34 2 7
249 34 2 9
250 33 1 9
251 35 2 8
252 38 1 8
253 37 2 8
254 35 1 9
255 30 1 8
256 31 1 8
257 29 1 9
258 33 1 9
259 29 2 8
260 29 2 8
261 38 1 8
262 37 2 9
263 38 0 9
264 38 1 9
265 39 0 9
266 35 0 7
267 36 1 10
268 39 1 9
269 39 1 8
270 35 1 8
271 38 0 8
272 40 0 8
273 38 1 9
274 41 1 9
275 39 1 10
276 39 2 9
277 39 2 9
278 39 1 9
279 36 2 10
280 38 2 9
281 41 1 10
282 40 2 10
283 40 1 9
284 40 1 9
285 38 2 9
286 39 0 8
287 40 2 10
288 40 1 10
289 40 1 8
290 37 2 9
291 37 1 10
292 39 1 10
293 40 2 9
294 38 1 9
295 42 1 10
296 41 1 9
297 44 2 9
298 42 1 9
299 40 1 9
300 41 1 8
301 42 1 9
302 41 2 9
303 41 1 10
304 37 0 9
305 32 2 9
306 39 2 9
307 39 1 10
308 43 2 9
309 44 1 9
310 46 2 10
311 46 3 10
312 46 1 8
313 45 2 9
314 45 2 10
315 45 2 9
316 45 1 9
317 45 1 9
318 45 2 9
319 45 1 10
320 45 1 8
321 44 3 9
322 40 1 8
323 44 2 10
324 46 1 10
325 44 2 9
326 45 1 8
327 49 1 7
328 47 3 9
329 48 2 8
330 45 2 9
331 42 3 9
332 45 3 9
333 44 2 10
334 44 2 10
335 42 3 9
336 40 2 8
337 43 2 8
338 43 1 9
339 46 1 10
340 44 2 9
341 44 1 9
342 46 2 9
343 46 3 10
344 42 3 10
345 43 4 10
346 42 5 7
347 44 3 8
348 39 4 9
349 41 3 9
350 42 3 8
351 41 3 8
352 46 2 8
353 45 3 9
354 43 3 9
355 44 2 8
356 44 3 8
357 43 2 8
358 44 2 9
359 48 4 8
360 47 3 8
361 49 2 9
362 51 2 9
363 49 2 9
364 43 1 9
365 45 2 9
366 47 2 9
367 43 2 8
368 45 3 9
369 47 4 8
370 46 0 9
371 48 2 8
372 45 5 8
373 42 4 8
374 44 2 8
375 42 3 7
376 48 2 8
377 47 2 8
378 49 1 9
379 48 1 9
380 47 3 9
381 48 2 10
382 48 2 10
383 45 1 10
384 46 5 10
385 43 2 9
386 44 3 10
387 46 2 10
388 49 4 9
389 47 3 9
390 47 4 10
391 45 4 9
392 48 5 10
393 47 4 10
394 47 4 9
395 46 4 10
396 46 5 9
397 49 3 9
398 49 4 9
399 48 5 9
400 47 3 8
