0 0 0 0
1 0 0 0
2 0 0 0
3 0 0 0
4 0 0 0
5 0 0 0
6 0 0 0
7 0 0 0
8 0 0 0
9 0 0 0
10 0 0 0
11 0 0 0
12 0 0 0
13 0 0 0
14 0 0 0
15 1 0 0
16 1 0 0
17 1 0 0
18 2 0 0
19 3 0 0
20 3 0 0
21 3 0 0
22 4 0 0
23 3 0 0
24 4 0 0
25 6 0 0
26 5 0 0
27 5 0 0
28 4 0 0
29 3 0 0
30 6 0 0
31 5 0 0
32 3 0 0
33 4 0 0
34 4 0 0
35 7 0 0
36 6 0 0
37 7 0 0
38 6 0 0
39 8 0 0
40 7 0 0
41 10 0 0
42 8 0 0
43 9 0 0
44 8 0 0
45 8 0 0
46 10 0 0
47 11 0 0
48 8 0 0
49 11 0 0
50 12 0 0
51 11 0 0
52 12 0 0
53 13 0 0
54 12 0 0
55 12 0 0
56 11 0 0
57 13 0 0
58 11 0 0
59 13 0 0
60 14 0 0
61 13 0 0
62 15 0 0
63 15 0 0
64 14 0 0
65 16 0 0
66 15 0 0
67 16 0 0
68 17 0 0
69 16 0 0
70 17 0 0
71 16 0 0
72 16 0 0
73 16 0 0
74 17 0 0
75 16 0 0
76 14 0 0
77 15 0 0
78 15 0 0
79 15 0 0
80 16 0 0
81 17 0 0
82 17 0 0
83 18 0 0
84 19 0 0
85 19 0 0
86 18 0 0
87 17 0 0
88 17 0 0
89 19 0 0
90 18 0 0
91 16 0 0
92 18 0 0
93 17 0 0
94 18 0 0
95 18 0 0
96 18 0 0
97 18 0 0
98 17 0 0
99 17 0 0
100 17 0 0
101 17 0 0
102 16 0 0
103 17 0 0
104 18 0 0
105 18 0 0
106 17 0 0
107 16 0 0
108 17 0 0
109 16 0 0
110 15 0 0
111 17 0 0
112 18 0 0
113 17 0 0
114 15 0 0
115 15 0 0
116 15 0 0
117 16 0 0
118 18 0 0
119 18 0 0
120 17 0 0
121 19 0 0
122 20 0 0
123 20 0 0
124 20 0 0
125 20 0 0
126 19 0 0
127 17 0 0
128 17 0 0
129 16 0 0
130 16 0 0
131 17 1 0
132 15 0 0
133 17 0 0
134 17 0 0
135 16 0 0
136 16 0 0
137 13 0 0
138 12 0 0
139 12 0 0
140 14 0 0
141 16 0 0
142 17 0 0
143 17 0 0
144 16 0 0
145 14 0 0
146 13 0 0
147 14 0 0
148 12 0 0
149 12 0 0
150 13 0 0
151 13 0 0
152 14 0 0
153 14 0 0
154 16 0 0
155 16 0 0
156 15 0 0
157 15 0 0
158 15 0 0
159 14 1 0
160 15 0 0
161 16 0 0
162 16 0 0
163 18 0 0
164 15 0 0
165 14 0 0
166 12 0 0
167 16 0 0
168 16 0 0
169 16 0 0
170 15 1 0
171 16 0 0
172 18 0 0
173 18 1 0
174 19 1 0
175 14 1 0
176 16 1 0
177 15 1 0
178 15 1 0
179 18 0 0
180 18 0 0
181 18 1 0
182 16 1 0
183 16 1 0
184 18 1 0
185 19 1 0
186 16 1 0
187 14 1 0
188 16 1 0
189 16 1 0
190 17 1 0
191 19 1 0
192 21 1 0
193 20 1 0
194 20 1 0
195 19 1 0
196 20 1 0
197 19 1 0
198 18 1 0
199 18 1 0
200 19 1 0
201 19 1 0
202 19 1 0
203 20 1 0
204 21 1 0
205 21 1 0
206 20 1 0
207 21 1 0
208 20 1 0
209 19 1 0
210 18 2 0
211 18 1 0
212 18 1 0
213 19 1 0
214 17 1 0
215 19 0 0
216 19 1 0
217 21 1 0
218 22 3 0
219 19 0 0
220 21 0 0
221 21 2 0
222 20 3 0
223 19 3 0
224 19 3 0
225 19 3 0
226 20 3 0
227 17 3 0
228 18 3 0
229 19 3 0
230 20 2 0
231 22 3 0
232 21 3 0
233 18 3 0
234 20 3 0
235 20 3 0
236 22 4 0
237 22 1 0
238 21 3 0
239 23 4 0
240 22 3 0
241 21 3 0
242 20 4 0
243 18 2 0
244 17 3 0
245 18 3 0
246 19 3 0
247 18 3 0
248 17 2 0
249 19 4 0
250 17 3 0
251 17 4 0
252 17 2 0
253 18 2 0
254 18 4 0
255 16 4 0
256 19 3 0
257 18 3 0
258 21 4 0
259 22 2 0
260 22 3 0
261 21 4 0
262 21 3 0
263 19 3 0
264 19 2 0
265 20 4 0
266 16 4 0
267 18 4 0
268 17 4 0
269 18 3 0
270 19 3 0
271 20 3 0
272 21 1 0
273 21 3 0
274 19 3 0
275 20 4 0
276 19 4 0
277 20 4 0
278 22 3 0
279 22 1 0
280 22 4 0
281 23 3 0
282 21 3 0
283 20 3 0
284 18 3 0
285 19 2 0
286 17 3 0
287 16 3 0
288 17 4 0
289 18 3 0
290 19 2 0
291 18 3 0
292 19 2 0
293 18 3 0
294 18 2 0
295 18 3 0
296 17 2 0
297 17 2 0
298 17 3 0
299 19 2 0
300 20 3 0
301 21 2 0
302 22 2 0
303 21 3 0
304 20 4 0
305 20 3 0
306 20 3 0
307 21 3 0
308 20 4 0
309 20 2 0
310 18 3 0
311 17 4 0
312 18 4 0
313 20 3 0
314 18 3 0
315 18 3 0
316 19 4 0
317 19 3 0
318 19 3 0
319 17 3 0
320 19 3 0
321 20 3 0
322 20 3 0
323 18 4 0
324 17 3 0
325 18 3 0
326 18 3 0
327 19 3 0
328 22 3 0
329 20 3 0
330 18 3 0
331 20 3 0
332 18 3 0
333 17 3 0
334 20 3 0
335 19 3 0
336 20 3 0
337 16 3 0
338 18 3 0
339 19 3 0
340 19 3 0
341 21 3 0
342 22 3 0
343 21 3 0
344 22 3 0
345 22 3 0
346 22 3 0
347 23 3 0
348 22 3 0
349 23 3 0
350 23 3 0
351 22 3 0
352 23 3 0
353 21 2 0
354 21 2 0
355 22 3 0
356 20 2 0
357 22 3 0
358 21 2 0
359 21 2 0
360 23 3 0
361 23 2 0
362 25 3 0
363 23 3 0
364 23 3 0
365 21 3 0
366 21 3 0
367 20 3 0
368 19 2 0
369 21 3 0
370 20 3 0
371 22 2 0
372 19 3 0
373 18 3 0
374 19 3 0
375 22 2 0
376 22 2 0
377 22 3 0
378 23 3 0
379 20 3 0
380 21 2 0
381 23 4 0
382 22 4 0
383 20 4 0
384 21 4 0
385 20 4 0
386 20 4 0
387 20 4 0
388 22 4 0
389 23 3 0
390 24 4 0
391 24 4 0
392 27 4 0
393 25 3 0
394 25 4 0
395 28 4 0
396 23 4 0
397 23 4 0
398 24 3 0
399 25 3 0
400 25 3 0
