0 0 0 0
1 0 0 0
2 0 0 0
3 0 0 0
4 0 0 0
5 0 0 0
6 0 0 0
7 0 0 0
8 0 0 0
9 0 0 0
10 0 0 0
11 0 0 0
12 0 0 0
13 0 0 0
14 0 0 0
15 0 0 0
16 0 0 0
17 0 0 0
18 0 0 0
19 0 0 0
20 3 0 0
21 3 0 0
22 3 0 0
23 4 0 0
24 4 0 0
25 5 0 0
26 4 0 0
27 6 0 0
28 4 0 0
29 5 0 0
30 8 0 0
31 10 0 0
32 10 0 0
33 6 0 0
34 6 0 0
35 8 0 0
36 8 0 0
37 9 0 0
38 10 0 0
39 8 0 0
40 7 0 0
41 9 0 0
42 8 0 0
43 10 0 0
44 9 0 0
45 12 0 0
46 11 0 0
47 13 0 0
48 13 0 0
49 13 0 0
50 13 0 0
51 13 0 0
52 15 0 0
53 15 0 0
54 14 0 0
55 14 0 0
56 15 0 0
57 16 0 0
58 17 0 0
59 16 0 0
60 19 0 0
61 19 0 0
62 18 0 0
63 19 0 0
64 19 0 0
65 19 0 0
66 20 0 0
67 18 0 0
68 18 0 0
69 18 0 0
70 18 0 0
71 18 0 0
72 19 0 0
73 19 0 0
74 18 0 0
75 19 0 0
76 18 0 0
77 21 0 0
78 20 0 0
79 19 0 0
80 19 0 0
81 20 0 0
82 21 0 0
83 21 0 0
84 22 0 0
85 20 0 0
86 21 0 0
87 19 0 0
88 17 0 0
89 21 0 0
90 20 0 0
91 20 0 0
92 23 0 0
93 22 0 0
94 20 0 0
95 19 0 0
96 20 0 0
97 23 0 0
98 21 0 0
99 22 0 0
100 20 0 0
101 18 0 0
102 16 0 0
103 13 0 0
104 14 0 0
105 14 0 0
106 15 0 0
107 15 0 0
108 14 0 0
109 15 0 0
110 16 0 0
111 16 0 0
112 17 0 0
113 18 0 0
114 20 0 0
115 19 0 0
116 18 0 0
117 19 0 0
118 17 0 0
119 17 0 0
120 15 0 0
121 15 0 0
122 16 0 0
123 16 0 0
124 16 0 0
125 17 0 0
126 18 0 0
127 18 0 0
128 18 0 0
129 19 0 0
130 18 0 0
131 19 0 0
132 17 0 0
133 18 0 0
134 17 0 0
135 18 0 0
136 19 0 0
137 18 0 0
138 15 0 0
139 13 0 0
140 15 0 0
141 16 0 0
142 14 0 0
143 13 0 0
144 14 0 0
145 14 0 0
146 14 0 0
147 16 0 0
148 16 0 0
149 17 0 0
150 17 0 0
151 17 0 0
152 17 0 0
153 18 0 0
154 19 0 0
155 18 0 0
156 17 0 0
157 18 0 0
158 20 0 0
159 20 0 0
160 18 0 0
161 17 0 0
162 13 0 0
163 14 0 0
164 14 0 0
165 14 0 0
166 15 0 0
167 16 0 0
168 18 0 0
169 19 0 0
170 20 0 0
171 21 0 0
172 19 0 0
173 18 0 0
174 17 0 0
175 16 0 0
176 17 0 0
177 18 0 0
178 16 0 0
179 15 0 0
180 14 0 0
181 15 0 0
182 18 0 0
183 17 0 0
184 17 0 0
185 16 0 0
186 15 0 0
187 15 0 0
188 13 0 0
189 13 0 0
190 16 0 0
191 16 0 0
192 14 0 0
193 16 0 0
194 18 0 0
195 19 0 0
196 18 0 0
197 16 0 0
198 15 0 0
199 16 0 0
200 17 0 0
201 18 0 0
202 18 0 0
203 18 0 0
204 19 0 0
205 19 0 0
206 20 0 0
207 20 0 0
208 16 0 0
209 15 0 0
210 15 0 0
211 13 0 0
212 13 0 0
213 16 0 0
214 15 0 0
215 15 0 0
216 15 0 0
217 17 0 0
218 21 0 0
219 20 0 0
220 19 0 0
221 19 0 0
222 20 0 0
223 19 0 0
224 14 0 0
225 16 0 0
226 16 0 0
227 13 0 0
228 15 0 0
229 16 0 0
230 18 0 0
231 21 0 0
232 20 0 0
233 19 0 0
234 19 0 0
235 21 0 0
236 22 0 0
237 21 0 0
238 21 0 0
239 21 0 0
240 22 0 0
241 23 0 0
242 23 0 0
243 24 0 0
244 24 0 0
245 24 0 0
246 24 0 0
247 25 0 0
248 24 0 0
249 22 0 0
250 23 0 0
251 22 0 0
252 20 0 0
253 20 0 0
254 16 0 0
255 20 0 0
256 18 0 0
257 19 0 0
258 18 0 0
259 19 0 0
260 21 0 0
261 24 0 0
262 25 0 0
263 26 0 0
264 25 0 0
265 24 0 0
266 23 0 0
267 23 0 0
268 19 0 0
269 23 0 0
270 24 0 0
271 22 0 0
272 21 0 0
273 22 0 0
274 23 0 0
275 24 0 0
276 24 0 0
277 21 0 0
278 21 0 0
279 23 0 0
280 22 0 1
281 20 0 1
282 18 0 1
283 19 0 1
284 22 0 0
285 21 0 1
286 21 0 1
287 24 0 1
288 24 0 1
289 22 0 2
290 22 0 2
291 22 0 1
292 23 0 2
293 22 0 2
294 20 0 1
295 22 0 1
296 23 0 2
297 24 0 2
298 23 0 1
299 22 0 1
300 20 0 2
301 21 0 1
302 20 0 2
303 18 0 2
304 19 0 3
305 20 0 3
306 16 0 2
307 21 0 3
308 19 0 3
309 21 0 3
310 23 0 2
311 21 0 3
312 20 0 3
313 20 0 2
314 20 0 3
315 16 0 3
316 21 0 3
317 21 0 3
318 22 0 2
319 23 0 2
320 24 0 3
321 25 0 2
322 26 0 2
323 22 0 3
324 22 0 2
325 22 0 1
326 22 0 2
327 22 0 2
328 24 0 2
329 23 0 3
330 23 0 1
331 25 0 1
332 23 0 2
333 23 0 3
334 22 0 2
335 22 0 2
336 21 0 3
337 20 0 3
338 21 0 1
339 21 0 2
340 23 0 3
341 25 0 3
342 24 0 3
343 26 0 3
344 24 0 3
345 22 0 3
346 27 0 3
347 22 0 3
348 22 0 3
349 17 0 3
350 18 0 3
351 17 0 3
352 16 0 3
353 17 0 2
354 17 0 3
355 19 0 3
356 24 0 3
357 21 0 3
358 21 0 3
359 22 0 3
360 22 0 2
361 24 0 3
362 20 0 0
363 24 0 2
364 23 0 2
365 23 0 3
366 25 0 2
367 23 0 2
368 22 0 3
369 22 0 2
370 21 0 1
371 21 0 3
372 22 0 2
373 24 0 1
374 22 0 3
375 22 0 1
376 23 0 3
377 18 0 3
378 22 0 2
379 25 0 3
380 22 0 2
381 23 0 2
382 23 0 3
383 25 0 2
384 25 0 2
385 22 0 3
386 21 0 1
387 22 0 2
388 22 0 3
389 20 0 3
390 23 0 3
391 24 0 2
392 24 0 3
393 24 0 3
394 22 0 3
395 22 0 3
396 22 0 3
397 23 0 3
398 23 0 2
399 25 0 3
400 24 0 2
