0 0 0 0
1 0 0 0
2 0 0 0
3 0 0 0
4 0 0 0
5 0 0 0
6 0 0 0
7 0 0 0
8 0 0 0
9 0 0 0
10 0 0 0
11 0 0 0
12 1 0 0
13 1 0 0
14 1 0 0
15 0 0 0
16 0 0 0
17 1 0 0
18 2 0 0
19 2 0 0
20 2 0 0
21 1 0 0
22 1 0 0
23 3 0 0
24 2 0 0
25 3 0 0
26 4 0 0
27 3 0 0
28 3 0 0
29 3 0 0
30 4 0 0
31 5 0 0
32 6 0 0
33 7 0 0
34 4 0 0
35 3 0 0
36 7 0 0
37 8 0 0
38 8 0 0
39 11 0 0
40 7 0 0
41 12 0 0
42 13 0 0
43 15 0 0
44 11 0 0
45 11 0 0
46 14 0 0
47 14 0 0
48 15 0 0
49 12 0 0
50 13 0 0
51 15 0 0
52 18 0 0
53 17 0 0
54 17 0 0
55 18 0 0
56 18 0 0
57 18 0 0
58 19 0 0
59 19 0 0
60 15 0 0
61 20 0 0
62 21 0 0
63 18 0 0
64 19 0 0
65 17 0 0
66 18 0 0
67 18 0 0
68 18 0 0
69 19 0 0
70 19 0 0
71 19 0 0
72 19 0 0
73 19 0 0
74 19 0 0
75 20 0 0
76 20 0 0
77 18 0 0
78 18 0 0
79 18 0 0
80 19 0 0
81 19 0 0
82 19 0 0
83 18 0 0
84 20 0 0
85 21 0 0
86 20 0 0
87 20 0 0
88 21 0 0
89 20 0 0
90 20 0 0
91 20 0 0
92 19 0 0
93 21 0 0
94 21 0 0
95 19 0 0
96 20 0 0
97 20 0 0
98 20 0 0
99 22 0 0
100 20 0 0
101 20 0 0
102 18 0 0
103 17 0 0
104 17 0 0
105 17 0 0
106 19 0 0
107 20 0 0
108 19 0 0
109 19 0 0
110 19 0 0
111 19 0 0
112 18 0 0
113 19 0 0
114 18 0 0
115 17 0 0
116 20 0 0
117 21 0 0
118 20 0 0
119 19 0 0
120 18 1 0
121 18 1 0
122 20 1 0
123 18 1 0
124 18 1 0
125 18 1 0
126 15 1 0
127 16 1 0
128 17 1 0
129 17 1 0
130 20 1 0
131 20 1 0
132 21 1 0
133 18 1 0
134 18 1 0
135 18 1 0
136 20 1 0
137 21 1 0
138 20 1 0
139 19 1 0
140 18 1 0
141 18 1 0
142 18 1 0
143 18 1 0
144 18 1 0
145 18 1 0
146 17 1 0
147 17 1 0
148 18 1 0
149 18 1 0
150 20 1 0
151 22 1 0
152 20 1 0
153 20 1 0
154 18 1 0
155 16 1 0
156 18 1 0
157 17 1 1
158 17 1 0
159 18 1 0
160 18 1 0
161 19 1 0
162 21 1 0
163 21 1 0
164 19 1 1
165 20 1 0
166 20 1 0
167 20 1 0
168 21 1 0
169 19 1 1
170 18 1 1
171 20 1 0
172 21 1 0
173 21 1 0
174 20 1 0
175 21 1 1
176 20 1 0
177 22 1 0
178 22 1 0
179 21 1 0
180 18 1 1
181 16 1 0
182 17 1 0
183 16 1 0
184 17 1 0
185 20 1 1
186 18 1 0
187 21 1 0
188 20 1 0
189 21 1 0
190 20 1 0
191 19 1 0
192 22 1 1
193 22 1 1
194 22 1 0
195 21 1 0
196 22 1 1
197 21 1 1
198 22 1 0
199 19 1 0
200 18 1 0
201 17 1 0
202 19 1 0
203 19 1 1
204 20 1 0
205 19 1 0
206 19 1 1
207 22 1 0
208 21 1 0
209 19 1 0
210 17 1 0
211 19 1 0
212 20 1 0
213 20 1 1
214 21 1 0
215 22 1 0
216 19 1 0
217 15 1 0
218 18 1 0
219 18 1 1
220 18 1 0
221 18 1 0
222 19 1 0
223 21 1 1
224 20 1 1
225 19 1 0
226 19 1 0
227 19 1 0
228 19 1 0
229 17 1 1
230 15 1 1
231 18 1 0
232 17 1 0
233 16 1 0
234 18 1 0
235 19 1 1
236 19 1 0
237 19 1 0
238 18 1 0
239 18 2 0
240 16 1 1
241 19 1 0
242 19 1 0
243 18 1 1
244 19 1 1
245 18 1 0
246 20 1 0
247 19 1 0
248 18 2 1
249 15 1 1
250 16 1 0
251 20 0 0
252 19 2 0
253 18 1 1
254 20 1 0
255 19 0 0
256 19 1 0
257 18 1 0
258 20 1 1
259 19 0 0
260 19 1 0
261 20 1 0
262 17 0 0
263 18 1 0
264 19 0 1
265 19 0 1
266 19 0 0
267 19 0 0
268 22 0 1
269 22 0 1
270 22 0 0
271 24 0 0
272 23 0 1
273 22 0 1
274 19 0 0
275 22 0 0
276 22 0 1
277 19 0 1
278 18 0 0
279 19 0 0
280 19 0 1
281 21 0 1
282 20 1 1
283 20 1 0
284 20 1 1
285 19 0 1
286 19 0 1
287 21 0 1
288 21 0 1
289 21 0 1
290 22 0 1
291 22 0 1
292 20 1 1
293 22 1 1
294 20 1 2
295 22 1 2
296 23 1 1
297 22 1 1
298 22 1 1
299 20 1 2
300 20 1 2
301 21 1 2
302 20 1 1
303 22 2 2
304 24 2 1
305 24 2 1
306 21 2 1
307 23 2 2
308 22 2 1
309 23 2 1
310 19 2 0
311 19 2 1
312 18 2 1
313 21 2 1
314 23 2 2
315 22 2 1
316 24 2 1
317 23 2 2
318 23 2 1
319 23 2 0
320 23 2 0
321 21 2 2
322 21 2 2
323 21 2 0
324 21 2 0
325 21 2 1
326 21 1 2
327 18 2 2
328 18 1 1
329 21 2 1
330 22 2 1
331 21 1 2
332 21 2 2
333 22 1 1
334 24 1 2
335 23 2 2
336 21 2 2
337 21 2 1
338 24 2 1
339 24 2 1
340 23 2 0
341 22 2 0
342 21 2 1
343 23 2 0
344 24 2 1
345 23 2 2
346 22 2 1
347 21 2 0
348 21 2 1
349 21 2 2
350 22 2 0
351 22 2 0
352 23 2 0
353 24 2 2
354 23 2 1
355 23 2 1
356 21 2 1
357 21 2 0
358 24 2 0
359 25 2 1
360 25 2 0
361 23 2 0
362 23 1 0
363 23 1 0
364 23 2 1
365 23 2 0
366 21 2 1
367 21 2 1
368 22 2 0
369 23 2 2
370 22 2 1
371 23 2 0
372 18 3 1
373 20 3 1
374 20 3 0
375 19 3 1
376 23 3 1
377 23 3 1
378 22 3 0
379 22 3 0
380 24 3 0
381 23 3 0
382 23 3 1
383 22 3 1
384 23 3 0
385 23 3 1
386 23 3 1
387 24 3 1
388 25 3 0
389 24 3 1
390 23 3 0
391 23 3 1
392 21 3 1
393 23 3 1
394 22 3 1
395 22 3 1
396 23 3 0
397 25 4 1
398 27 3 1
399 25 3 1
400 27 3 1
