0 0 0 0
1 0 0 0
2 0 0 0
3 0 0 0
4 0 0 0
5 0 0 0
6 0 0 0
7 0 0 0
8 0 0 0
9 0 0 0
10 0 0 0
11 0 0 0
12 0 0 0
13 0 0 0
14 0 0 0
15 0 0 0
16 0 0 0
17 1 0 0
18 1 0 0
19 0 0 0
20 0 0 1
21 0 0 1
22 0 0 1
23 1 0 1
24 3 0 0
25 4 0 1
26 3 0 1
27 3 0 1
28 3 0 1
29 4 0 1
30 6 0 0
31 6 0 0
32 4 0 0
33 4 0 0
34 6 0 0
35 9 0 1
36 8 0 1
37 9 0 0
38 9 0 1
39 10 0 1
40 12 0 1
41 13 0 1
42 11 0 1
43 13 0 1
44 12 0 1
45 12 0 1
46 14 0 2
47 15 0 2
48 14 0 2
49 14 0 1
50 13 0 2
51 15 0 2
52 14 0 1
53 13 0 3
54 12 0 3
55 14 0 0
56 13 0 2
57 15 0 2
58 12 0 2
59 13 0 2
60 14 0 2
61 15 0 2
62 13 0 3
63 14 0 3
64 14 0 3
65 14 0 3
66 16 0 3
67 16 0 2
68 15 0 3
69 15 0 1
70 13 0 2
71 15 0 3
72 17 0 2
73 17 0 3
74 20 0 3
75 20 0 3
76 16 0 3
77 16 0 3
78 17 0 2
79 19 0 3
80 16 0 3
81 16 0 3
82 18 0 2
83 19 0 2
84 19 0 3
85 19 0 3
86 19 0 3
87 18 0 3
88 21 0 3
89 20 0 3
90 20 0 3
91 20 0 3
92 18 0 3
93 19 0 2
94 20 0 3
95 21 0 2
96 19 0 1
97 21 0 2
98 20 0 1
99 20 0 2
100 19 0 2
101 18 0 2
102 18 0 1
103 18 0 2
104 19 0 2
105 19 0 2
106 19 0 1
107 19 0 2
108 17 0 2
109 20 0 2
110 20 0 2
111 19 0 2
112 21 0 2
113 22 0 2
114 23 0 2
115 21 0 2
116 20 0 2
117 22 0 2
118 21 0 2
119 19 0 2
120 18 0 2
121 18 0 1
122 19 0 2
123 16 0 2
124 17 0 1
125 19 0 1
126 18 0 2
127 20 0 2
128 22 0 1
129 22 0 2
130 22 0 2
131 20 0 2
132 18 0 2
133 16 0 2
134 17 0 1
135 19 0 2
136 20 0 2
137 21 0 2
138 20 0 2
139 21 0 2
140 21 0 2
141 21 0 2
142 21 0 2
143 21 0 2
144 20 0 2
145 20 0 1
146 21 1 2
147 20 1 2
148 18 1 2
149 18 1 2
150 20 1 2
151 18 1 2
152 17 1 2
153 17 1 2
154 18 1 2
155 20 1 2
156 20 2 2
157 20 1 2
158 19 1 2
159 20 1 2
160 24 1 2
161 24 1 2
162 22 1 2
163 21 1 2
164 21 1 2
165 19 2 2
166 21 1 1
167 22 1 2
168 23 1 2
169 22 1 2
170 22 1 1
171 22 1 2
172 22 1 2
173 21 1 2
174 20 1 2
175 19 1 2
176 19 1 2
177 20 1 2
178 18 1 3
179 16 1 3
180 19 1 2
181 21 1 3
182 19 1 3
183 18 1 3
184 18 1 3
185 15 1 1
186 17 1 2
187 19 1 2
188 21 1 3
189 18 1 3
190 19 1 2
191 20 2 1
192 19 1 2
193 21 1 3
194 22 1 3
195 23 1 3
196 23 1 2
197 20 1 2
198 20 1 2
199 21 1 1
200 21 1 1
201 20 1 1
202 20 1 1
203 19 1 1
204 18 2 4
205 20 1 3
206 23 1 2
207 24 1 2
208 24 1 3
209 24 1 1
210 21 1 3
211 19 1 4
212 19 2 3
213 18 1 3
214 18 1 3
215 18 1 4
216 20 1 4
217 20 2 2
218 21 1 3
219 21 1 4
220 22 1 3
221 22 1 3
222 21 1 3
223 19 1 3
224 19 2 3
225 18 1 3
226 19 1 4
227 19 1 3
228 20 1 4
229 21 1 4
230 17 1 4
231 17 1 3
232 20 1 3
233 18 0 4
234 19 0 6
235 21 1 4
236 19 1 4
237 21 1 5
238 25 1 4
239 21 0 4
240 21 0 5
241 24 1 5
242 22 1 6
243 22 0 7
244 22 0 7
245 25 1 6
246 25 1 5
247 24 1 7
248 22 1 7
249 22 1 5
250 21 1 5
251 23 1 6
252 22 1 8
253 24 1 6
254 25 1 7
255 26 0 6
256 28 1 6
257 27 0 6
258 24 0 6
259 26 0 7
260 23 1 8
261 22 2 7
262 25 1 7
263 27 1 8
264 26 1 8
265 25 1 7
266 27 1 8
267 27 0 8
268 30 1 7
269 28 1 8
270 27 1 8
271 29 1 8
272 28 1 8
273 30 1 8
274 26 1 7
275 26 1 6
276 28 1 7
277 25 1 8
278 26 1 6
279 25 1 7
280 28 1 7
281 27 1 8
282 29 1 8
283 25 1 7
284 27 1 6
285 24 1 5
286 26 1 7
287 27 1 7
288 29 1 7
289 28 1 7
290 29 1 7
291 28 1 6
292 29 1 6
293 29 2 8
294 27 1 8
295 26 1 8
296 27 1 8
297 28 0 6
298 30 0 7
299 31 1 8
300 29 1 8
301 31 0 8
302 33 1 7
303 36 1 5
304 32 1 6
305 32 1 7
306 33 1 4
307 35 1 4
308 34 1 5
309 32 1 7
310 32 1 7
311 32 1 5
312 30 1 8
313 30 0 7
314 31 1 9
315 28 1 9
316 31 1 6
317 31 1 7
318 31 1 5
319 31 1 5
320 29 1 5
321 33 1 7
322 33 1 10
323 31 1 10
324 37 1 10
325 36 2 9
326 36 1 8
327 36 1 7
328 36 1 6
329 34 1 7
330 35 1 7
331 33 1 7
332 30 1 10
333 35 1 7
334 36 1 7
335 37 1 7
336 31 1 8
337 30 1 9
338 29 1 8
339 29 1 9
340 27 2 6
341 33 1 8
342 34 1 8
343 33 1 9
344 34 0 8
345 30 1 6
346 32 1 5
347 37 1 6
348 34 0 5
349 33 1 8
350 33 2 7
351 31 0 8
352 35 0 7
353 37 1 6
354 37 1 9
355 37 0 9
356 37 0 9
357 36 1 8
358 34 1 8
359 29 0 9
360 32 1 9
361 33 1 9
362 33 0 8
363 33 0 8
364 34 1 9
365 35 1 9
366 33 0 8
367 36 1 8
368 36 1 8
369 38 1 9
370 38 1 8
371 37 1 9
372 38 1 9
373 38 1 8
374 37 1 9
375 36 1 10
376 35 1 8
377 34 1 8
378 34 1 9
379 34 1 8
380 38 1 9
381 39 1 10
382 39 1 10
383 38 1 8
384 38 1 10
385 36 1 10
386 37 1 10
387 36 1 9
388 36 1 10
389 35 1 10
390 36 1 9
391 37 1 9
392 39 1 9
393 36 1 11
394 42 1 7
395 42 1 10
396 40 1 10
397 40 1 9
398 38 1 9
399 35 1 9
400 39 1 8
