0 0 0 0
1 0 0 0
2 0 0 0
3 0 0 0
4 0 0 0
5 0 0 0
6 0 0 0
7 0 0 0
8 0 0 0
9 0 0 0
10 0 0 0
11 0 0 0
12 0 0 0
13 0 0 0
14 0 0 0
15 1 0 0
16 2 0 0
17 4 0 0
18 2 0 0
19 2 0 0
20 2 0 0
21 3 0 0
22 4 0 0
23 4 0 0
24 4 0 0
25 3 0 0
26 4 0 0
27 4 0 0
28 2 0 0
29 4 0 0
30 2 0 0
31 3 0 0
32 5 0 0
33 5 0 0
34 4 0 0
35 5 0 0
36 5 0 0
37 6 0 0
38 4 0 0
39 5 0 0
40 4 0 0
41 5 0 0
42 6 0 0
43 8 0 0
44 7 0 0
45 6 0 0
46 6 0 0
47 6 0 0
48 6 0 0
49 6 0 0
50 7 0 0
51 7 0 0
52 6 0 0
53 7 0 0
54 9 0 0
55 9 0 0
56 9 0 0
57 7 0 0
58 9 0 0
59 8 0 0
60 9 0 0
61 11 0 0
62 12 0 0
63 11 0 0
64 11 0 0
65 11 0 0
66 10 0 0
67 12 0 0
68 11 0 0
69 13 0 0
70 13 0 0
71 15 0 0
72 14 0 0
73 13 0 0
74 12 0 0
75 17 0 0
76 14 0 0
77 11 0 0
78 12 0 0
79 15 0 0
80 17 0 0
81 19 0 0
82 16 0 0
83 18 0 0
84 18 0 0
85 18 0 0
86 17 0 0
87 17 0 0
88 17 0 0
89 17 0 0
90 17 0 0
91 18 0 0
92 16 0 0
93 19 0 0
94 18 0 0
95 19 0 0
96 19 0 0
97 19 0 0
98 20 0 0
99 20 0 0
100 18 0 0
101 18 0 0
102 17 0 0
103 17 0 0
104 17 0 0
105 16 0 0
106 19 0 0
107 16 0 0
108 17 0 0
109 17 0 0
110 17 0 0
111 18 0 0
112 17 0 0
113 18 0 0
114 17 0 0
115 17 0 0
116 18 0 0
117 18 0 0
118 18 0 0
119 15 0 0
120 14 0 0
121 15 0 0
122 14 0 0
123 14 0 0
124 17 0 0
125 17 0 0
126 16 0 0
127 16 0 0
128 15 0 0
129 16 0 0
130 18 0 0
131 19 0 0
132 20 0 0
133 20 0 0
134 20 0 0
135 20 0 0
136 19 0 0
137 19 0 0
138 18 0 0
139 18 0 0
140 17 0 0
141 16 0 0
142 19 0 0
143 19 0 0
144 20 0 0
145 19 0 0
146 17 0 0
147 16 0 0
148 13 0 0
149 17 0 0
150 19 0 0
151 18 0 0
152 19 0 0
153 19 0 0
154 22 0 0
155 20 0 0
156 19 0 0
157 20 0 0
158 18 0 0
159 21 0 0
160 19 0 0
161 18 0 0
162 17 0 0
163 16 0 0
164 17 0 0
165 18 0 0
166 19 0 0
167 17 0 0
168 13 0 0
169 16 0 0
170 15 0 0
171 18 0 0
172 18 0 0
173 18 0 0
174 17 0 0
175 16 0 0
176 16 0 0
177 16 0 0
178 17 0 0
179 18 0 0
180 17 0 0
181 18 0 0
182 19 0 0
183 19 0 0
184 21 0 0
185 19 0 0
186 20 0 0
187 19 0 0
188 17 0 0
189 17 0 0
190 18 0 0
191 18 0 0
192 18 0 0
193 18 0 0
194 19 0 0
195 21 0 0
196 20 0 0
197 19 0 0
198 20 0 0
199 22 0 0
200 21 0 0
201 21 0 0
202 21 0 0
203 22 0 0
204 20 0 0
205 18 0 0
206 19 0 0
207 20 0 0
208 19 0 0
209 18 0 0
210 18 0 0
211 16 0 0
212 17 0 0
213 17 0 0
214 19 0 0
215 21 0 0
216 20 0 0
217 20 0 0
218 19 0 0
219 18 0 0
220 17 0 0
221 19 0 0
222 20 0 0
223 20 0 0
224 22 0 0
225 20 0 0
226 20 0 0
227 21 0 0
228 21 0 0
229 20 0 0
230 22 0 0
231 22 0 0
232 22 0 0
233 23 0 0
234 22 0 0
235 22 0 0
236 20 0 0
237 19 0 0
238 21 0 0
239 21 0 0
240 20 0 0
241 22 0 0
242 20 0 0
243 21 0 0
244 22 0 0
245 22 0 0
246 23 0 0
247 23 0 0
248 21 0 0
249 19 0 0
250 21 0 0
251 20 0 0
252 18 0 0
253 18 0 0
254 18 0 0
255 21 0 0
256 21 0 0
257 22 0 0
258 23 0 0
259 22 0 1
260 20 0 0
261 19 0 0
262 19 0 0
263 21 1 0
264 20 1 0
265 19 1 0
266 20 1 1
267 20 1 0
268 21 1 0
269 20 1 0
270 20 1 0
271 22 1 0
272 22 1 0
273 21 1 0
274 21 1 1
275 19 1 0
276 22 1 0
277 24 1 1
278 22 1 0
279 24 1 0
280 23 1 0
281 23 1 0
282 20 1 0
283 16 1 1
284 20 1 0
285 18 1 0
286 23 1 0
287 22 1 1
288 23 1 1
289 24 1 1
290 22 1 1
291 21 1 1
292 22 1 1
293 23 1 1
294 19 1 1
295 22 1 1
296 22 1 1
297 22 1 1
298 23 1 1
299 22 1 1
300 22 1 1
301 23 1 1
302 23 1 1
303 21 1 1
304 24 1 1
305 20 1 1
306 19 1 1
307 19 1 1
308 18 1 1
309 22 1 1
310 24 1 1
311 23 1 1
312 23 1 1
313 25 1 1
314 25 1 1
315 23 0 1
316 23 1 1
317 22 1 1
318 26 2 1
319 24 1 1
320 24 1 1
321 24 1 1
322 25 1 1
323 24 1 1
324 24 1 1
325 22 1 1
326 21 1 1
327 23 1 1
328 24 1 1
329 26 1 1
330 29 1 1
331 29 1 1
332 30 1 1
333 28 1 1
334 27 1 1
335 28 1 1
336 26 1 1
337 29 1 1
338 27 1 1
339 27 2 1
340 27 1 1
341 27 2 1
342 28 1 1
343 28 1 1
344 27 1 1
345 27 1 1
346 26 1 1
347 26 1 1
348 27 1 1
349 27 1 1
350 25 1 1
351 24 2 1
352 24 1 1
353 25 1 1
354 25 1 1
355 24 1 1
356 24 1 1
357 22 1 1
358 21 1 1
359 24 1 1
360 23 1 1
361 22 1 1
362 23 1 1
363 24 0 1
364 25 0 1
365 24 1 1
366 25 1 1
367 23 1 1
368 22 2 1
369 21 1 1
370 22 1 1
371 26 2 1
372 26 0 1
373 26 1 1
374 25 1 1
375 23 1 1
376 23 1 1
377 27 1 1
378 28 1 1
379 27 0 1
380 26 0 1
381 26 2 1
382 25 1 1
383 23 2 1
384 25 2 1
385 26 2 1
386 25 1 1
387 24 1 1
388 24 1 1
389 23 1 1
390 21 2 1
391 24 1 1
392 25 1 1
393 25 1 1
394 26 1 1
395 25 1 1
396 27 1 1
397 24 1 1
398 28 1 1
399 25 2 1
400 24 1 1
