0 0 0 0
1 0 0 0
2 0 0 0
3 0 0 0
4 0 0 0
5 0 0 0
6 0 0 0
7 0 0 0
8 1 0 0
9 1 0 0
10 2 0 0
11 2 0 0
12 2 0 0
13 1 0 0
14 1 0 0
15 2 0 0
16 2 0 0
17 4 0 0
18 2 0 0
19 3 0 0
20 2 0 0
21 9 0 0
22 11 0 0
23 7 0 1
24 11 0 1
25 11 0 1
26 9 0 1
27 11 0 1
28 12 0 1
29 11 0 1
30 10 0 1
31 12 0 1
32 13 0 1
33 14 0 1
34 14 0 1
35 14 0 1
36 15 0 1
37 15 0 1
38 13 0 1
39 12 0 1
40 16 1 0
41 17 0 1
42 18 1 1
43 19 1 1
44 19 1 1
45 17 1 1
46 19 1 1
47 18 1 1
48 17 1 1
49 16 1 1
50 19 1 1
51 23 1 1
52 22 1 1
53 22 1 1
54 19 1 1
55 22 1 1
56 24 1 1
57 25 1 1
58 24 1 1
59 23 1 1
60 20 1 1
61 22 1 1
62 24 1 1
63 22 1 1
64 26 1 1
65 27 1 1
66 25 1 1
67 27 1 1
68 26 1 1
69 25 1 1
70 26 1 1
71 24 1 1
72 27 1 1
73 28 1 1
74 27 1 1
75 25 1 1
76 29 0 1
77 30 0 2
78 28 0 2
79 27 0 2
80 26 0 2
81 31 0 3
82 31 0 3
83 31 0 3
84 33 0 3
85 29 0 3
86 32 0 3
87 31 0 3
88 31 0 3
89 30 0 3
90 30 0 3
91 31 0 4
92 34 0 3
93 31 0 2
94 32 1 2
95 34 0 2
96 33 0 1
97 32 0 1
98 32 0 1
99 32 1 1
100 31 0 3
101 32 0 2
102 32 0 3
103 32 0 3
104 32 1 2
105 33 1 2
106 32 0 3
107 31 0 1
108 32 1 2
109 31 0 2
110 31 0 3
111 29 1 3
112 29 0 3
113 29 0 2
114 31 1 1
115 31 1 2
116 31 0 4
117 28 2 2
118 28 1 1
119 30 0 2
120 31 0 2
121 31 1 4
122 32 1 3
123 31 1 3
124 32 1 3
125 32 3 3
126 30 2 4
127 30 1 2
128 28 1 4
129 27 1 3
130 28 2 5
131 30 2 4
132 30 1 4
133 31 1 3
134 29 1 5
135 26 1 4
136 31 2 4
137 29 1 3
138 30 2 3
139 31 1 3
140 28 1 4
141 32 1 4
142 33 1 5
143 31 1 6
144 29 0 6
145 28 0 5
146 28 1 5
147 27 0 5
148 27 1 5
149 27 2 6
150 29 0 5
151 28 1 5
152 27 1 5
153 28 0 5
154 29 1 5
155 29 1 4
156 28 1 5
157 26 1 5
158 25 1 5
159 23 0 5
160 25 0 6
161 31 3 6
162 31 0 5
163 33 1 5
164 32 0 5
165 30 0 6
166 27 2 6
167 25 1 6
168 27 0 6
169 28 1 6
170 29 1 6
171 31 3 6
172 30 1 6
173 30 0 6
174 32 2 6
175 31 1 6
176 30 2 6
177 33 1 6
178 31 1 5
179 29 1 5
180 29 1 6
181 29 1 6
182 30 3 5
183 30 1 5
184 30 2 6
185 30 1 6
186 29 1 4
187 31 1 7
188 33 0 7
189 38 0 5
190 40 0 7
191 34 0 5
192 34 0 7
193 37 0 8
194 37 0 8
195 37 1 5
196 38 1 6
197 33 0 7
198 37 1 6
199 33 0 5
200 33 1 6
201 31 1 8
202 32 3 8
203 33 2 8
204 36 1 7
205 33 0 6
206 33 2 6
207 32 2 5
208 34 1 5
209 33 1 6
210 27 2 7
211 31 3 7
212 28 1 6
213 32 1 7
214 35 1 7
215 36 1 5
216 40 1 7
217 37 2 7
218 34 2 5
219 33 1 7
220 35 1 7
221 40 2 7
222 39 2 7
223 39 3 6
224 39 3 8
225 37 2 6
226 40 1 7
227 39 2 7
228 36 2 7
229 37 2 5
230 35 1 6
231 37 3 5
232 40 3 5
233 43 3 8
234 43 3 8
235 42 3 6
236 41 3 8
237 39 3 8
238 37 3 5
239 36 4 8
240 39 3 6
241 38 3 7
242 40 3 6
243 40 3 8
244 39 4 6
245 38 3 6
246 38 3 6
247 39 3 7
248 36 1 7
249 37 3 8
250 37 3 8
251 39 4 8
252 40 3 8
253 40 3 8
254 38 4 8
255 36 2 8
256 37 3 8
257 38 3 8
258 41 3 8
259 40 2 8
260 40 3 9
261 39 2 9
262 39 4 8
263 36 3 9
264 33 3 9
265 32 3 9
266 35 3 9
267 35 3 9
268 35 4 9
269 35 4 9
270 36 3 8
271 36 3 9
272 42 3 9
273 41 3 9
274 39 3 9
275 38 3 9
276 38 2 7
277 36 4 8
278 38 3 7
279 37 2 8
280 42 2 5
281 41 2 9
282 41 2 9
283 44 3 9
284 41 3 9
285 40 4 9
286 39 4 8
287 43 1 8
288 41 4 8
289 41 3 8
290 44 4 9
291 43 2 9
292 39 2 9
293 40 2 9
294 41 2 9
295 44 3 9
296 44 2 9
297 44 3 9
298 42 2 9
299 42 3 9
300 42 2 9
301 42 3 9
302 39 2 9
303 43 2 6
304 43 2 6
305 46 2 6
306 45 3 6
307 42 3 6
308 44 2 7
309 44 2 7
310 46 2 6
311 42 2 6
312 42 2 6
313 39 3 7
314 39 3 7
315 37 3 7
316 36 4 7
317 37 3 8
318 39 2 8
319 41 2 6
320 41 2 7
321 43 2 6
322 39 2 7
323 40 3 8
324 41 3 9
325 39 2 5
326 40 2 6
327 43 4 9
328 43 2 7
329 43 3 8
330 47 2 7
331 43 2 9
332 41 3 8
333 41 2 6
334 38 3 9
335 42 3 6
336 43 4 7
337 43 3 6
338 44 4 8
339 43 4 7
340 45 3 6
341 44 5 8
342 43 4 8
343 48 4 8
344 46 4 7
345 46 5 7
346 50 4 7
347 48 5 7
348 45 5 8
349 45 4 8
350 44 4 8
351 44 3 8
352 47 3 8
353 45 4 8
354 46 3 8
355 46 4 8
356 46 4 8
357 44 4 8
358 44 6 8
359 45 6 8
360 47 3 8
361 48 6 8
362 47 7 7
363 43 5 7
364 43 5 7
365 49 5 5
366 47 6 5
367 47 5 7
368 47 6 5
369 44 6 7
370 44 6 5
371 43 5 6
372 42 7 6
373 41 5 6
374 44 5 6
375 44 5 7
376 42 6 6
377 40 5 6
378 39 6 8
379 45 5 8
380 43 5 8
381 43 5 8
382 45 5 8
383 42 6 8
384 43 4 6
385 42 6 8
386 43 7 8
387 41 7 8
388 44 5 7
389 40 7 8
390 40 5 8
391 39 6 7
392 39 6 7
393 41 6 8
394 44 5 8
395 40 6 7
396 41 6 8
397 43 4 7
398 40 5 7
399 45 6 7
400 46 5 8
