0 0 0 0
1 0 0 0
2 0 0 0
3 0 0 0
4 0 0 0
5 0 0 0
6 0 0 0
7 0 0 0
8 1 0 0
9 1 0 0
10 1 0 0
11 1 0 0
12 1 0 0
13 0 0 0
14 0 0 0
15 0 0 0
16 2 0 0
17 2 0 0
18 1 0 0
19 0 0 0
20 2 0 0
21 3 0 0
22 4 0 0
23 6 0 0
24 6 0 1
25 4 0 0
26 4 0 1
27 5 0 1
28 7 0 1
29 7 0 0
30 4 0 0
31 5 0 1
32 6 0 0
33 8 0 0
34 8 0 0
35 8 0 0
36 6 0 1
37 8 0 0
38 10 0 0
39 8 0 0
40 9 0 0
41 10 0 1
42 12 0 0
43 11 0 1
44 12 0 1
45 14 0 1
46 15 0 1
47 14 0 1
48 12 0 1
49 14 0 1
50 13 0 1
51 16 0 1
52 15 0 1
53 15 0 1
54 14 0 1
55 14 0 1
56 13 0 1
57 15 0 1
58 14 0 1
59 16 0 1
60 17 0 1
61 19 0 1
62 19 0 1
63 18 0 1
64 18 0 1
65 18 0 1
66 18 0 1
67 18 0 1
68 19 0 1
69 20 0 1
70 20 0 1
71 20 0 1
72 20 0 1
73 19 0 1
74 17 0 1
75 19 0 1
76 22 0 1
77 22 0 1
78 20 0 1
79 21 0 1
80 22 0 1
81 24 0 1
82 22 0 1
83 22 0 1
84 24 0 1
85 24 0 1
86 25 0 1
87 23 0 1
88 22 0 1
89 22 0 1
90 23 0 1
91 24 0 1
92 24 0 1
93 22 0 1
94 24 0 1
95 24 0 1
96 23 0 1
97 24 0 1
98 24 0 1
99 23 0 1
100 23 0 1
101 23 0 1
102 22 0 1
103 21 0 1
104 20 0 1
105 20 0 1
106 21 0 1
107 22 0 1
108 22 0 1
109 22 0 1
110 22 0 1
111 22 0 1
112 23 0 1
113 22 0 1
114 22 0 1
115 21 0 1
116 21 0 1
117 22 0 1
118 21 0 1
119 21 0 1
120 25 0 1
121 26 0 1
122 23 0 1
123 22 0 1
124 22 0 1
125 22 0 1
126 21 0 1
127 22 0 1
128 20 0 1
129 19 0 1
130 20 0 1
131 20 0 1
132 18 0 1
133 21 0 1
134 21 0 1
135 22 0 1
136 25 0 1
137 23 0 1
138 24 0 1
139 21 0 1
140 21 0 1
141 21 0 1
142 20 0 1
143 20 0 1
144 20 0 1
145 23 0 1
146 22 0 1
147 23 0 1
148 23 0 1
149 21 0 1
150 21 0 1
151 21 0 1
152 21 0 1
153 21 0 1
154 21 0 1
155 21 0 1
156 20 0 1
157 19 0 1
158 19 0 1
159 20 0 1
160 20 0 1
161 22 0 1
162 22 0 1
163 23 0 1
164 20 0 1
165 21 0 1
166 19 0 0
167 21 0 1
168 20 0 0
169 19 0 1
170 18 0 1
171 21 0 1
172 20 0 1
173 21 0 1
174 20 0 1
175 22 0 1
176 22 0 1
177 22 1 1
178 21 0 1
179 22 0 1
180 23 0 1
181 21 0 1
182 23 0 1
183 21 0 1
184 21 0 1
185 23 0 1
186 22 0 1
187 21 0 1
188 19 0 1
189 19 0 1
190 19 0 1
191 21 0 1
192 22 0 1
193 21 0 1
194 22 0 1
195 23 0 1
196 24 0 1
197 21 0 1
198 23 0 1
199 22 0 1
200 22 1 1
201 23 0 1
202 23 0 1
203 21 0 1
204 22 0 1
205 19 0 1
206 22 0 0
207 20 0 0
208 18 0 0
209 22 0 0
210 21 0 0
211 22 0 0
212 22 0 0
213 23 0 0
214 21 0 0
215 20 0 1
216 21 0 0
217 22 0 1
218 21 0 1
219 19 0 1
220 21 0 0
221 23 0 1
222 21 0 1
223 21 0 1
224 22 0 1
225 24 0 1
226 25 0 1
227 24 0 1
228 25 0 1
229 25 0 1
230 26 0 1
231 27 0 1
232 22 0 1
233 24 1 0
234 23 0 0
235 23 0 0
236 22 0 1
237 23 0 0
238 22 0 0
239 22 0 0
240 23 0 0
241 24 0 0
242 23 0 0
243 24 0 0
244 23 0 0
245 25 1 0
246 22 0 0
247 23 0 0
248 26 1 0
249 22 0 0
250 24 0 0
251 21 1 0
252 22 1 0
253 23 1 0
254 20 1 0
255 20 0 0
256 20 1 0
257 21 1 0
258 21 1 0
259 21 0 1
260 21 0 1
261 24 0 1
262 23 0 1
263 24 0 1
264 23 1 1
265 21 1 1
266 21 1 1
267 21 1 1
268 23 1 1
269 23 1 1
270 23 1 1
271 22 1 1
272 21 1 1
273 22 1 1
274 24 1 1
275 23 1 1
276 21 1 1
277 21 1 1
278 19 1 1
279 21 1 1
280 22 1 1
281 23 1 1
282 21 1 1
283 21 1 1
284 22 1 1
285 22 2 1
286 20 1 1
287 21 1 1
288 19 1 1
289 21 1 1
290 24 1 1
291 24 1 1
292 24 1 1
293 22 1 1
294 23 1 1
295 22 1 1
296 21 1 1
297 21 1 1
298 22 0 1
299 21 1 1
300 19 1 1
301 21 1 1
302 21 1 1
303 22 1 1
304 24 1 1
305 25 1 1
306 26 1 1
307 23 1 1
308 22 1 1
309 23 1 1
310 23 1 1
311 23 1 1
312 25 1 1
313 24 1 1
314 27 1 1
315 23 1 1
316 26 1 1
317 26 1 1
318 21 0 1
319 18 0 1
320 19 0 1
321 23 0 1
322 23 0 1
323 22 0 1
324 22 0 1
325 23 0 1
326 23 0 1
327 23 0 1
328 25 0 1
329 23 0 1
330 23 0 1
331 26 0 1
332 24 0 1
333 24 0 1
334 25 0 1
335 23 0 1
336 24 0 1
337 24 0 1
338 24 0 1
339 25 0 1
340 23 0 1
341 22 0 1
342 21 0 1
343 24 0 1
344 24 0 1
345 25 0 1
346 23 0 1
347 23 0 1
348 23 0 1
349 24 0 1
350 24 0 1
351 24 1 1
352 20 0 1
353 19 0 1
354 20 0 1
355 25 0 1
356 23 0 1
357 23 0 1
358 23 0 1
359 23 0 1
360 23 0 1
361 23 0 1
362 25 0 1
363 26 0 1
364 26 0 1
365 28 0 1
366 26 0 1
367 28 0 1
368 29 0 1
369 27 0 1
370 26 0 1
371 24 0 1
372 22 0 1
373 23 1 0
374 25 0 1
375 27 1 0
376 29 1 0
377 26 0 1
378 24 0 1
379 24 0 0
380 27 0 1
381 26 0 1
382 23 0 0
383 23 1 1
384 23 1 1
385 25 1 1
386 26 1 1
387 26 0 1
388 26 1 1
389 25 1 1
390 24 1 1
391 22 1 1
392 20 1 1
393 21 1 1
394 21 1 2
395 24 1 2
396 26 1 1
397 24 1 2
398 26 1 2
399 26 1 2
400 24 1 2
