0 0 0 0
1 0 0 0
2 0 0 0
3 0 0 0
4 0 0 0
5 0 0 0
6 0 0 0
7 0 0 0
8 0 0 0
9 0 0 0
10 0 0 0
11 0 0 0
12 0 0 0
13 2 0 0
14 2 0 0
15 0 0 0
16 2 0 1
17 2 0 0
18 3 0 1
19 4 0 0
20 5 0 0
21 4 0 0
22 6 0 1
23 6 0 1
24 6 0 0
25 6 0 0
26 5 0 1
27 6 0 0
28 6 0 0
29 6 0 1
30 5 0 1
31 7 0 0
32 8 0 1
33 8 0 1
34 10 0 1
35 10 0 1
36 10 0 1
37 11 0 1
38 10 0 1
39 10 0 0
40 9 0 0
41 11 0 1
42 12 0 1
43 13 0 0
44 14 0 0
45 14 0 1
46 15 0 1
47 13 0 0
48 15 0 0
49 13 0 1
50 16 0 0
51 14 0 1
52 13 0 0
53 11 0 2
54 15 0 1
55 14 0 1
56 14 0 2
57 16 0 1
58 16 0 0
59 16 0 1
60 16 0 1
61 17 0 1
62 17 0 2
63 16 0 2
64 17 0 0
65 18 0 0
66 19 0 2
67 17 0 1
68 16 0 1
69 17 0 2
70 18 0 2
71 18 0 1
72 19 0 2
73 15 0 1
74 17 0 1
75 19 0 1
76 19 0 2
77 18 0 2
78 16 0 1
79 17 0 0
80 19 0 1
81 19 0 0
82 21 0 1
83 20 0 2
84 19 0 2
85 17 0 2
86 18 0 1
87 17 0 0
88 18 0 1
89 18 0 2
90 17 0 0
91 19 0 1
92 18 0 2
93 18 0 1
94 18 0 1
95 19 0 1
96 19 0 3
97 20 0 3
98 20 0 3
99 19 0 3
100 20 0 1
101 20 0 3
102 19 0 3
103 17 0 1
104 18 0 1
105 18 0 2
106 19 0 3
107 19 0 3
108 18 0 2
109 15 0 2
110 16 0 3
111 16 0 2
112 16 0 1
113 15 0 3
114 16 0 3
115 19 0 1
116 17 0 3
117 17 0 3
118 16 0 1
119 17 0 1
120 17 0 3
121 17 0 3
122 18 0 1
123 18 0 1
124 18 0 2
125 16 0 3
126 16 0 1
127 16 0 1
128 18 0 2
129 18 0 2
130 17 0 2
131 17 0 2
132 17 0 2
133 17 0 2
134 18 0 1
135 18 0 1
136 18 0 3
137 17 0 1
138 16 0 2
139 17 0 2
140 17 0 2
141 18 0 2
142 20 0 3
143 19 0 3
144 18 0 3
145 17 0 3
146 17 0 3
147 16 0 1
148 10 0 2
149 13 0 1
150 16 0 4
151 15 0 2
152 14 0 2
153 17 0 2
154 19 0 1
155 18 0 4
156 20 0 2
157 20 0 1
158 20 0 4
159 20 0 0
160 21 0 2
161 20 0 2
162 16 0 3
163 17 0 4
164 17 0 3
165 18 0 2
166 19 0 3
167 19 0 4
168 20 0 3
169 21 0 2
170 22 0 3
171 20 0 1
172 22 0 3
173 20 0 4
174 21 0 3
175 22 0 3
176 21 0 4
177 19 0 3
178 16 0 2
179 16 0 3
180 16 0 4
181 18 0 4
182 19 0 5
183 20 0 5
184 20 0 4
185 21 0 3
186 20 0 3
187 16 0 4
188 18 0 3
189 18 0 3
190 20 0 4
191 19 0 4
192 21 0 4
193 22 0 4
194 23 0 3
195 24 0 5
196 26 0 4
197 25 0 3
198 21 0 3
199 20 0 4
200 23 0 2
201 26 0 4
202 24 0 3
203 23 0 3
204 26 0 4
205 26 0 5
206 21 0 2
207 21 0 3
208 25 0 4
209 22 0 5
210 22 0 5
211 23 0 4
212 23 0 4
213 21 0 4
214 25 0 6
215 24 0 5
216 27 0 5
217 26 0 6
218 27 0 6
219 29 0 4
220 27 0 5
221 29 0 6
222 26 0 7
223 29 0 5
224 28 0 5
225 26 0 6
226 25 0 6
227 22 0 5
228 24 0 3
229 26 0 4
230 24 0 2
231 26 0 5
232 25 0 3
233 26 0 4
234 25 0 7
235 24 0 5
236 27 0 8
237 26 0 7
238 26 0 7
239 25 0 6
240 24 0 6
241 26 0 6
242 27 0 6
243 26 0 7
244 27 0 5
245 27 0 6
246 27 0 8
247 26 0 9
248 28 0 5
249 28 0 6
250 28 0 8
251 27 0 7
252 26 0 7
253 28 0 7
254 28 0 7
255 28 1 6
256 24 0 6
257 24 0 9
258 24 1 7
259 25 0 5
260 24 0 6
261 27 1 7
262 27 0 7
263 26 1 7
264 25 1 7
265 25 1 6
266 27 2 7
267 28 2 8
268 30 2 8
269 30 2 8
270 28 2 7
271 27 0 7
272 28 0 8
273 25 0 8
274 23 0 7
275 24 1 7
276 24 1 8
277 27 1 8
278 27 1 8
279 28 2 7
280 26 0 9
281 32 1 9
282 30 0 8
283 30 3 8
284 30 3 9
285 28 1 10
286 29 1 9
287 29 2 8
288 31 2 5
289 33 0 7
290 31 1 8
291 33 1 8
292 31 0 6
293 31 1 9
294 33 0 10
295 34 0 8
296 33 0 8
297 33 0 10
298 33 0 9
299 35 0 8
300 37 1 7
301 35 2 10
302 35 0 9
303 36 0 8
304 35 2 5
305 35 2 9
306 35 1 8
307 35 0 8
308 34 1 8
309 35 0 10
310 35 1 11
311 35 2 9
312 32 0 9
313 35 2 9
314 35 1 10
315 34 0 9
316 34 2 8
317 33 2 9
318 34 1 10
319 34 0 8
320 34 0 5
321 35 0 10
322 34 0 9
323 34 0 9
324 33 0 10
325 32 0 9
326 34 1 10
327 32 0 10
328 30 0 9
329 29 1 9
330 31 1 13
331 35 0 12
332 38 0 11
333 31 0 11
334 33 0 10
335 32 1 12
336 35 1 11
337 37 1 11
338 38 1 12
339 38 1 12
340 39 1 12
341 41 2 11
342 41 0 12
343 40 1 12
344 42 1 11
345 41 0 10
346 41 0 13
347 39 0 13
348 38 1 13
349 41 0 11
350 41 1 13
351 41 1 10
352 38 1 10
353 38 1 14
354 39 1 11
355 38 2 11
356 36 1 11
357 33 1 11
358 31 2 11
359 35 1 12
360 37 2 12
361 40 2 12
362 44 2 14
363 45 2 13
364 42 1 14
365 40 1 14
366 40 2 13
367 38 1 14
368 39 1 13
369 42 1 15
370 40 2 12
371 40 3 12
372 41 1 13
373 40 1 13
374 41 1 13
375 40 1 14
376 40 1 14
377 41 2 14
378 40 1 13
379 43 1 12
380 41 1 10
381 41 1 13
382 44 1 13
383 46 1 14
384 42 2 14
385 43 1 14
386 43 1 12
387 43 3 12
388 43 3 15
389 45 2 13
390 44 1 12
391 39 1 14
392 39 2 14
393 39 2 13
394 43 2 13
395 44 1 14
396 41 2 12
397 38 1 12
398 35 1 11
399 40 2 12
400 41 2 11
