0 0 0 0
1 0 0 0
2 0 0 0
3 0 0 0
4 0 0 0
5 0 0 0
6 0 0 0
7 0 0 0
8 1 0 0
9 1 0 0
10 1 0 0
11 1 0 0
12 1 0 0
13 1 0 0
14 1 0 0
15 1 0 0
16 3 0 0
17 3 0 0
18 3 0 0
19 2 0 0
20 5 0 0
21 6 0 0
22 5 0 0
23 5 0 0
24 5 0 0
25 7 0 0
26 8 0 0
27 4 0 0
28 6 0 0
29 5 0 0
30 7 0 0
31 4 0 0
32 8 0 0
33 10 0 0
34 9 0 0
35 6 0 0
36 9 0 0
37 8 0 0
38 8 0 0
39 7 0 0
40 8 0 0
41 9 0 0
42 11 0 0
43 13 0 0
44 14 0 0
45 14 0 0
46 13 0 0
47 12 0 0
48 12 0 0
49 17 0 0
50 14 0 0
51 14 0 0
52 14 0 0
53 15 0 0
54 13 0 0
55 13 0 0
56 13 0 0
57 16 0 0
58 16 0 0
59 18 0 0
60 17 0 0
61 19 0 0
62 17 0 0
63 19 0 0
64 18 0 0
65 18 0 0
66 17 0 0
67 18 0 0
68 18 0 0
69 21 0 0
70 20 0 0
71 20 0 0
72 20 0 0
73 18 0 0
74 21 0 0
75 19 0 0
76 20 0 0
77 20 0 0
78 20 0 0
79 19 0 0
80 19 0 0
81 20 0 0
82 20 0 0
83 21 0 0
84 20 0 0
85 21 0 0
86 20 0 0
87 23 0 0
88 22 0 0
89 21 0 0
90 23 0 0
91 22 0 0
92 21 0 0
93 22 0 0
94 22 0 0
95 19 0 0
96 23 0 0
97 22 0 0
98 23 0 0
99 21 0 0
100 22 0 0
101 23 0 0
102 20 0 0
103 19 0 0
104 18 0 0
105 19 0 0
106 19 0 0
107 20 0 0
108 19 0 0
109 17 0 0
110 18 0 0
111 17 0 0
112 18 0 0
113 18 0 0
114 19 0 0
115 18 0 0
116 19 0 0
117 17 0 0
118 19 0 0
119 19 0 0
120 17 0 0
121 15 0 0
122 15 0 0
123 15 0 0
124 16 0 0
125 17 0 0
126 16 0 0
127 18 0 0
128 18 0 0
129 20 0 0
130 19 0 0
131 17 0 0
132 19 0 0
133 18 0 0
134 18 0 0
135 17 0 0
136 20 0 0
137 20 0 0
138 21 0 0
139 20 0 0
140 20 0 0
141 20 0 0
142 19 0 0
143 16 0 0
144 16 0 0
145 15 0 0
146 16 0 0
147 16 0 0
148 15 0 0
149 16 0 0
150 19 0 0
151 20 0 0
152 19 0 0
153 18 0 0
154 18 0 0
155 19 0 0
156 20 0 0
157 19 0 0
158 18 0 0
159 19 0 0
160 18 0 0
161 21 0 0
162 19 0 0
163 19 0 0
164 17 0 0
165 20 0 0
166 20 0 0
167 19 0 0
168 16 0 0
169 19 0 0
170 20 0 0
171 21 0 0
172 21 0 0
173 24 0 0
174 23 0 0
175 20 0 0
176 18 0 0
177 20 0 0
178 20 0 0
179 21 0 0
180 19 0 0
181 18 0 0
182 18 0 0
183 20 0 0
184 22 0 0
185 22 0 0
186 21 0 0
187 21 0 0
188 22 0 0
189 20 0 0
190 21 0 0
191 22 0 0
192 22 0 0
193 20 0 0
194 19 0 0
195 21 0 0
196 22 0 0
197 23 0 0
198 24 0 0
199 23 0 0
200 23 0 0
201 24 0 0
202 23 0 0
203 21 0 0
204 20 0 0
205 23 0 0
206 23 0 0
207 22 0 0
208 22 0 0
209 21 0 0
210 20 0 0
211 16 0 0
212 17 0 0
213 19 0 0
214 20 0 0
215 21 0 0
216 20 0 0
217 21 0 0
218 21 0 0
219 19 0 0
220 20 0 0
221 18 0 0
222 17 0 0
223 17 0 0
224 19 0 0
225 20 0 0
226 22 0 0
227 21 0 0
228 21 0 0
229 19 0 0
230 20 0 0
231 19 0 0
232 20 0 0
233 19 0 0
234 19 0 0
235 21 0 0
236 22 0 0
237 22 0 0
238 20 0 0
239 20 0 0
240 20 0 0
241 17 0 0
242 12 0 0
243 16 0 0
244 18 0 0
245 18 0 0
246 19 0 0
247 16 0 0
248 15 0 0
249 17 0 0
250 16 0 0
251 15 0 0
252 14 0 0
253 14 0 0
254 15 0 0
255 18 0 0
256 17 0 0
257 17 0 0
258 17 0 0
259 16 0 0
260 16 0 0
261 16 0 0
262 17 0 0
263 16 0 0
264 16 0 0
265 17 0 0
266 20 0 0
267 21 0 0
268 20 0 0
269 21 0 0
270 22 0 0
271 21 0 0
272 20 0 0
273 19 0 0
274 20 0 0
275 20 0 0
276 19 0 0
277 20 0 0
278 19 0 0
279 20 0 0
280 19 0 0
281 19 0 0
282 19 0 0
283 19 0 0
284 19 0 0
285 18 0 0
286 14 0 0
287 15 0 0
288 19 0 0
289 19 0 0
290 19 0 0
291 18 0 0
292 19 0 0
293 20 0 0
294 20 0 0
295 20 0 0
296 20 0 0
297 17 0 0
298 17 0 0
299 17 0 0
300 16 0 0
301 18 0 0
302 17 0 0
303 20 0 0
304 19 0 0
305 19 0 0
306 18 0 0
307 20 0 0
308 18 0 0
309 19 0 0
310 19 0 0
311 21 0 0
312 20 0 0
313 19 0 0
314 17 0 0
315 17 0 0
316 16 0 0
317 18 0 0
318 16 0 0
319 16 0 0
320 17 0 0
321 19 0 0
322 18 0 0
323 19 0 0
324 21 0 0
325 20 0 0
326 19 0 0
327 21 0 0
328 20 0 0
329 21 0 0
330 18 0 0
331 15 0 0
332 17 0 0
333 17 0 0
334 18 0 0
335 17 0 0
336 16 0 0
337 16 0 0
338 16 0 0
339 16 0 0
340 17 0 0
341 17 0 0
342 17 0 0
343 17 0 0
344 21 0 0
345 22 0 0
346 23 0 0
347 23 0 0
348 23 0 0
349 23 0 0
350 23 0 0
351 21 0 0
352 20 0 0
353 19 0 0
354 20 0 0
355 19 0 0
356 19 0 0
357 21 0 0
358 21 0 0
359 21 0 0
360 21 0 0
361 20 0 0
362 20 0 0
363 19 0 0
364 19 0 0
365 20 0 0
366 20 0 0
367 20 0 0
368 20 0 0
369 18 0 0
370 19 0 0
371 21 0 0
372 23 0 0
373 20 0 0
374 21 0 0
375 20 0 0
376 22 0 0
377 21 0 0
378 22 0 0
379 23 0 0
380 21 0 0
381 17 0 0
382 21 0 0
383 20 0 0
384 18 0 0
385 21 0 0
386 23 0 0
387 23 0 0
388 22 0 0
389 22 0 0
390 23 0 0
391 22 0 0
392 21 0 0
393 16 0 0
394 19 0 0
395 22 0 0
396 20 0 0
397 21 0 0
398 22 0 0
399 24 0 0
400 25 0 0
