0 0 0 0
1 0 0 0
2 0 0 0
3 0 0 0
4 0 0 0
5 0 0 0
6 0 0 0
7 0 0 0
8 0 0 0
9 0 0 0
10 0 0 0
11 0 0 0
12 1 0 0
13 1 0 0
14 1 0 0
15 1 0 0
16 2 0 0
17 2 0 0
18 1 0 0
19 0 0 0
20 0 0 0
21 1 0 0
22 4 0 0
23 3 0 0
24 3 0 0
25 1 0 0
26 4 0 0
27 4 0 0
28 5 0 0
29 4 0 0
30 4 0 0
31 5 0 0
32 3 0 0
33 4 0 0
34 4 0 0
35 2 0 0
36 5 0 0
37 6 0 0
38 6 0 0
39 6 0 0
40 7 0 0
41 8 0 0
42 8 0 0
43 7 0 0
44 8 0 0
45 8 0 0
46 8 0 0
47 9 0 0
48 9 0 0
49 10 0 0
50 9 0 0
51 9 0 0
52 10 0 0
53 10 0 0
54 11 0 0
55 10 0 0
56 8 0 0
57 10 0 0
58 12 0 0
59 12 0 0
60 14 0 0
61 13 0 0
62 13 0 0
63 15 0 0
64 14 0 0
65 12 0 0
66 12 0 0
67 9 0 0
68 12 0 0
69 11 0 0
70 10 0 0
71 16 0 0
72 14 0 0
73 16 0 0
74 15 0 0
75 14 0 0
76 14 0 0
77 13 0 0
78 14 0 0
79 12 0 0
80 14 0 0
81 14 0 0
82 17 0 0
83 16 0 0
84 15 0 0
85 14 0 0
86 16 0 0
87 18 0 0
88 16 0 0
89 16 0 0
90 14 0 0
91 15 0 0
92 18 0 0
93 18 0 0
94 16 0 0
95 17 0 0
96 19 0 0
97 18 0 0
98 18 0 0
99 16 0 0
100 17 0 0
101 18 0 0
102 17 0 0
103 16 0 0
104 13 0 0
105 11 0 0
106 14 0 0
107 14 0 0
108 15 0 0
109 15 0 0
110 14 0 0
111 15 0 0
112 15 0 0
113 14 0 0
114 14 0 0
115 14 0 0
116 13 0 0
117 15 0 0
118 15 0 0
119 16 0 0
120 16 0 0
121 16 0 0
122 15 0 0
123 14 0 0
124 15 0 0
125 16 0 0
126 16 0 0
127 16 0 0
128 16 0 0
129 16 0 0
130 15 0 0
131 13 0 0
132 14 0 0
133 15 0 0
134 16 0 0
135 15 0 0
136 14 0 0
137 13 0 0
138 13 0 0
139 13 0 0
140 13 0 0
141 14 0 0
142 17 0 0
143 16 0 0
144 19 0 0
145 18 0 0
146 15 0 0
147 13 0 0
148 14 0 0
149 14 0 0
150 15 0 0
151 15 0 0
152 15 0 0
153 15 0 0
154 15 0 0
155 15 0 0
156 15 0 0
157 14 0 0
158 13 0 0
159 12 0 0
160 13 0 0
161 14 0 0
162 16 0 0
163 17 0 0
164 16 0 0
165 16 0 0
166 16 0 0
167 16 0 0
168 15 0 0
169 15 0 0
170 14 0 0
171 15 0 0
172 15 0 0
173 15 0 0
174 14 0 0
175 16 0 0
176 17 0 0
177 17 0 0
178 17 0 0
179 19 0 0
180 18 0 0
181 19 0 0
182 17 0 0
183 14 0 0
184 13 0 0
185 10 0 0
186 11 0 0
187 13 0 0
188 14 0 0
189 17 0 0
190 14 0 0
191 15 0 0
192 14 0 0
193 15 0 0
194 19 0 0
195 16 0 0
196 18 0 0
197 16 0 0
198 16 0 0
199 15 0 0
200 13 0 0
201 12 0 0
202 12 0 0
203 14 0 0
204 15 0 0
205 14 0 0
206 17 0 0
207 18 0 0
208 19 0 0
209 19 0 0
210 19 0 0
211 21 0 0
212 18 0 0
213 16 0 0
214 15 0 0
215 16 0 0
216 18 0 0
217 18 0 0
218 16 0 0
219 17 0 0
220 16 0 0
221 16 0 0
222 18 0 0
223 15 0 0
224 20 0 0
225 20 0 0
226 17 0 0
227 19 0 0
228 19 0 0
229 20 0 0
230 20 0 0
231 20 0 0
232 19 0 0
233 18 0 0
234 19 0 0
235 19 0 0
236 22 0 0
237 22 0 0
238 20 0 0
239 20 0 0
240 20 0 0
241 18 0 0
242 18 0 0
243 17 0 1
244 21 0 0
245 20 0 0
246 18 0 0
247 20 0 0
248 19 0 0
249 18 0 1
250 17 0 0
251 17 0 0
252 16 0 0
253 18 0 1
254 18 0 0
255 16 0 0
256 16 0 1
257 17 0 1
258 17 0 1
259 17 0 1
260 19 0 1
261 19 0 1
262 17 0 1
263 20 0 1
264 23 0 1
265 23 0 1
266 21 0 1
267 22 0 0
268 20 0 0
269 20 0 1
270 19 0 1
271 19 0 1
272 16 0 1
273 14 0 1
274 17 0 1
275 19 0 1
276 21 0 0
277 19 0 0
278 21 0 0
279 22 0 1
280 21 0 0
281 23 0 0
282 23 0 0
283 19 0 1
284 20 0 1
285 20 0 1
286 21 0 1
287 21 0 1
288 22 0 1
289 21 0 1
290 20 0 1
291 19 0 1
292 21 0 1
293 22 0 1
294 23 0 1
295 24 0 1
296 20 0 1
297 18 0 1
298 18 0 1
299 19 0 1
300 23 0 1
301 23 0 1
302 24 0 1
303 23 0 1
304 24 0 1
305 24 0 1
306 23 0 1
307 23 0 1
308 24 0 1
309 24 0 1
310 23 0 1
311 22 0 1
312 21 0 1
313 23 0 1
314 21 0 1
315 22 0 1
316 23 0 1
317 26 0 1
318 23 0 1
319 23 0 1
320 23 0 1
321 21 0 1
322 23 0 1
323 23 0 1
324 24 0 1
325 23 0 1
326 24 0 1
327 20 0 1
328 22 0 1
329 25 0 1
330 24 0 1
331 22 0 0
332 23 0 0
333 25 0 1
334 29 0 1
335 25 0 1
336 26 0 1
337 25 0 1
338 26 0 1
339 24 0 1
340 23 0 1
341 25 0 1
342 23 0 1
343 25 0 1
344 25 0 1
345 26 0 1
346 24 0 1
347 25 0 1
348 23 0 1
349 24 0 1
350 24 0 1
351 24 0 1
352 23 0 1
353 23 0 1
354 24 0 1
355 27 0 1
356 25 0 1
357 28 0 1
358 24 0 1
359 23 0 1
360 24 0 1
361 24 0 1
362 23 0 1
363 24 0 1
364 20 0 1
365 20 0 1
366 20 0 1
367 24 0 1
368 25 0 1
369 26 0 1
370 24 0 1
371 22 0 1
372 21 0 1
373 19 0 1
374 21 0 1
375 26 0 1
376 24 0 1
377 24 0 1
378 26 0 1
379 26 0 1
380 26 0 1
381 26 0 1
382 27 0 1
383 26 0 1
384 26 0 1
385 25 0 1
386 27 0 1
387 27 0 1
388 26 0 1
389 22 0 1
390 21 0 1
391 21 0 1
392 21 0 1
393 21 0 1
394 23 0 1
395 27 0 1
396 25 0 1
397 22 0 1
398 19 0 1
399 19 0 1
400 23 0 1
