0 0 0 0
1 0 0 0
2 0 0 0
3 0 0 0
4 0 0 0
5 0 0 0
6 0 0 0
7 0 0 0
8 0 0 0
9 0 0 0
10 0 0 0
11 0 0 0
12 0 0 0
13 0 0 0
14 0 0 0
15 1 0 0
16 1 0 0
17 2 0 0
18 4 0 0
19 1 0 0
20 1 0 0
21 2 0 0
22 4 0 0
23 4 0 0
24 4 0 0
25 4 0 0
26 7 0 0
27 7 0 0
28 6 0 0
29 7 0 0
30 7 0 0
31 8 0 0
32 5 0 0
33 6 0 0
34 7 0 0
35 9 0 0
36 10 0 0
37 9 0 0
38 10 0 0
39 11 0 0
40 12 0 0
41 11 0 0
42 15 0 0
43 13 0 0
44 14 0 0
45 13 0 0
46 13 0 0
47 13 0 0
48 14 0 0
49 15 0 0
50 15 0 0
51 12 0 0
52 14 0 0
53 16 0 0
54 13 0 0
55 14 0 0
56 14 0 0
57 15 0 0
58 12 0 0
59 13 0 0
60 15 0 0
61 14 0 0
62 18 0 0
63 19 0 0
64 19 0 0
65 17 0 0
66 17 0 0
67 17 0 0
68 17 0 0
69 17 0 0
70 17 0 0
71 18 0 0
72 16 0 0
73 20 0 0
74 17 0 0
75 19 0 0
76 16 0 0
77 14 0 0
78 18 0 0
79 19 0 0
80 18 0 0
81 17 0 0
82 20 0 0
83 22 0 0
84 19 0 0
85 15 0 0
86 16 0 0
87 18 0 0
88 21 0 0
89 18 0 0
90 17 0 0
91 18 0 0
92 20 0 0
93 22 0 0
94 22 0 0
95 22 0 0
96 21 0 0
97 21 0 0
98 25 0 0
99 23 0 0
100 23 0 0
101 22 0 0
102 20 0 0
103 17 0 0
104 20 0 0
105 19 0 0
106 18 0 0
107 19 0 0
108 18 0 0
109 18 0 0
110 20 0 0
111 20 0 0
112 19 0 0
113 16 0 0
114 19 0 0
115 20 0 0
116 19 0 0
117 19 0 0
118 18 0 0
119 19 0 0
120 20 0 0
121 18 0 0
122 19 0 0
123 16 0 0
124 18 0 1
125 17 0 1
126 19 0 1
127 20 0 0
128 20 0 1
129 21 0 0
130 23 0 1
131 22 0 1
132 18 0 1
133 23 0 0
134 23 0 1
135 20 0 1
136 20 0 1
137 17 0 0
138 17 0 1
139 16 0 0
140 17 0 0
141 18 0 0
142 18 0 1
143 19 0 0
144 20 0 0
145 19 0 1
146 16 0 0
147 17 0 0
148 20 0 1
149 21 0 0
150 18 0 0
151 19 0 0
152 20 0 0
153 18 0 0
154 16 0 1
155 16 0 0
156 17 0 0
157 19 0 0
158 19 0 0
159 20 0 0
160 18 0 1
161 21 0 0
162 17 0 0
163 21 0 1
164 20 0 0
165 21 0 0
166 21 0 0
167 22 0 0
168 21 0 1
169 17 0 0
170 17 0 1
171 19 0 1
172 20 0 0
173 18 0 1
174 20 0 0
175 19 0 1
176 18 0 0
177 20 0 0
178 21 0 0
179 22 0 0
180 22 0 1
181 19 0 0
182 21 0 1
183 18 0 0
184 16 0 0
185 21 0 0
186 22 0 0
187 20 0 2
188 17 0 0
189 18 0 0
190 19 0 1
191 23 0 0
192 23 0 1
193 19 0 0
194 20 0 1
195 20 0 2
196 19 0 2
197 19 0 1
198 18 0 2
199 19 0 2
200 17 0 2
201 18 0 1
202 18 0 1
203 16 0 1
204 17 0 2
205 19 0 2
206 18 0 2
207 18 0 2
208 19 0 2
209 20 0 2
210 22 0 3
211 22 0 3
212 23 0 3
213 24 0 3
214 23 0 3
215 23 0 3
216 21 0 3
217 17 0 3
218 19 0 2
219 22 0 2
220 19 0 2
221 19 0 1
222 21 0 2
223 21 0 1
224 22 0 1
225 23 0 1
226 23 0 1
227 24 0 2
228 26 0 1
229 24 0 2
230 24 0 3
231 22 0 3
232 21 0 3
233 23 0 3
234 23 0 3
235 24 0 2
236 23 0 2
237 23 0 3
238 23 0 4
239 23 0 3
240 22 0 3
241 19 0 2
242 17 0 2
243 18 0 2
244 17 0 3
245 17 0 3
246 21 0 3
247 22 0 4
248 24 0 3
249 24 0 3
250 23 0 3
251 27 0 3
252 27 0 3
253 25 0 3
254 26 0 3
255 25 0 4
256 24 0 4
257 24 0 3
258 24 0 2
259 25 0 4
260 27 0 3
261 26 0 2
262 24 0 2
263 22 0 4
264 20 0 2
265 24 0 1
266 23 0 3
267 22 0 2
268 21 0 2
269 20 0 4
270 25 0 3
271 25 0 2
272 24 0 3
273 27 0 3
274 30 0 4
275 30 0 2
276 29 0 3
277 23 0 4
278 23 0 3
279 24 0 2
280 23 0 1
281 21 0 2
282 21 0 2
283 21 0 1
284 22 0 3
285 22 0 2
286 22 0 2
287 24 0 2
288 27 0 3
289 28 0 2
290 25 0 4
291 23 0 5
292 26 0 4
293 25 0 3
294 24 0 3
295 25 0 3
296 29 0 3
297 27 0 3
298 27 0 1
299 28 0 1
300 25 0 4
301 27 0 3
302 25 0 1
303 28 0 2
304 28 0 3
305 28 0 3
306 27 0 3
307 26 0 2
308 24 0 2
309 23 0 2
310 25 0 4
311 31 0 5
312 33 0 3
313 30 0 3
314 28 0 4
315 28 0 4
316 21 0 5
317 27 0 4
318 28 0 5
319 27 0 4
320 26 0 3
321 26 0 4
322 29 0 3
323 29 0 2
324 26 0 3
325 31 0 3
326 33 0 3
327 33 0 4
328 30 0 3
329 29 0 5
330 28 0 5
331 29 0 3
332 28 0 3
333 30 0 3
334 33 0 5
335 32 0 4
336 32 0 3
337 31 0 4
338 28 0 4
339 27 0 2
340 28 0 2
341 27 0 3
342 25 0 3
343 26 1 2
344 26 1 2
345 26 0 4
346 25 0 3
347 27 0 3
348 25 0 4
349 22 0 3
350 23 0 3
351 24 0 4
352 23 0 3
353 22 0 2
354 20 1 4
355 26 1 3
356 24 0 3
357 26 0 5
358 24 0 4
359 27 0 4
360 26 0 3
361 28 0 4
362 27 0 4
363 27 0 3
364 31 0 4
365 29 0 4
366 30 0 5
367 29 0 4
368 29 0 4
369 30 0 4
370 28 0 4
371 27 0 5
372 28 0 4
373 31 0 5
374 29 0 5
375 32 0 5
376 30 0 4
377 28 0 5
378 26 0 4
379 25 0 3
380 29 0 5
381 26 0 4
382 24 0 3
383 24 0 5
384 26 0 4
385 26 0 5
386 23 0 4
387 26 0 4
388 31 0 4
389 29 0 4
390 33 0 5
391 27 0 5
392 29 0 5
393 33 0 5
394 32 0 4
395 34 0 3
396 33 0 5
397 31 0 4
398 29 0 4
399 26 0 4
400 27 0 5
