0 0 0 0
1 0 0 0
2 0 0 0
3 0 0 0
4 0 0 0
5 0 0 0
6 0 0 0
7 0 0 0
8 1 0 0
9 1 0 0
10 1 0 0
11 2 0 0
12 2 0 0
13 1 0 0
14 1 0 0
15 1 0 0
16 1 0 0
17 1 0 0
18 1 0 0
19 2 0 0
20 2 0 0
21 3 0 0
22 4 0 0
23 4 0 0
24 4 0 0
25 4 0 0
26 3 0 0
27 5 0 0
28 5 0 0
29 5 0 0
30 5 0 0
31 5 0 0
32 5 0 0
33 8 0 0
34 8 0 0
35 5 0 0
36 6 0 0
37 6 0 0
38 7 0 0
39 9 0 0
40 8 0 0
41 10 0 0
42 10 0 0
43 11 0 0
44 11 0 0
45 12 0 0
46 11 0 0
47 9 0 0
48 12 0 0
49 13 0 0
50 13 0 0
51 12 0 0
52 12 0 1
53 13 0 0
54 15 0 1
55 13 0 0
56 13 0 0
57 11 0 1
58 10 0 1
59 12 0 1
60 13 0 1
61 16 0 1
62 16 0 1
63 18 0 0
64 19 0 1
65 19 0 1
66 14 0 1
67 16 0 1
68 16 0 1
69 19 0 0
70 20 0 2
71 17 0 1
72 20 0 1
73 20 0 1
74 20 0 2
75 20 0 2
76 20 0 2
77 20 0 2
78 23 0 2
79 21 0 2
80 18 0 2
81 20 0 2
82 22 0 2
83 23 0 2
84 22 0 2
85 22 0 2
86 23 0 2
87 23 0 2
88 22 0 2
89 24 0 2
90 23 0 2
91 22 0 2
92 22 0 2
93 21 0 2
94 20 0 2
95 21 0 2
96 22 0 2
97 22 0 2
98 21 0 2
99 24 0 2
100 21 0 2
101 21 0 2
102 17 0 2
103 17 0 2
104 17 0 2
105 18 0 2
106 20 0 2
107 20 0 2
108 19 0 2
109 18 0 2
110 20 0 2
111 20 0 2
112 20 0 2
113 17 0 2
114 19 0 2
115 20 0 2
116 21 0 2
117 21 0 2
118 22 0 2
119 21 0 2
120 20 0 2
121 21 0 2
122 20 0 2
123 17 0 2
124 18 0 2
125 19 0 2
126 16 0 2
127 14 0 2
128 15 0 2
129 14 0 2
130 16 0 2
131 18 0 2
132 18 0 2
133 20 0 3
134 18 0 3
135 16 0 3
136 18 0 3
137 18 0 3
138 19 0 3
139 18 0 3
140 17 0 3
141 18 0 3
142 16 0 3
143 15 0 3
144 16 0 3
145 14 0 3
146 16 0 3
147 15 0 3
148 19 0 3
149 20 0 3
150 18 0 3
151 17 0 3
152 18 0 3
153 15 0 4
154 15 0 4
155 15 0 3
156 16 0 3
157 17 0 3
158 18 0 4
159 17 0 3
160 18 0 3
161 17 0 3
162 15 0 4
163 14 0 4
164 15 0 4
165 16 0 4
166 17 0 4
167 16 0 4
168 18 0 3
169 19 0 4
170 19 0 3
171 19 0 4
172 20 0 5
173 21 0 4
174 22 0 5
175 22 0 3
176 22 0 4
177 23 0 1
178 21 0 2
179 18 0 5
180 20 0 4
181 19 0 3
182 17 0 4
183 17 0 4
184 18 0 4
185 17 0 4
186 16 0 5
187 18 0 5
188 19 0 4
189 20 0 4
190 19 0 6
191 19 0 5
192 18 0 4
193 18 0 4
194 18 0 5
195 17 0 5
196 17 0 3
197 17 0 4
198 20 0 4
199 19 0 4
200 19 0 6
201 18 0 6
202 17 0 5
203 17 0 6
204 16 0 3
205 16 0 5
206 17 0 6
207 18 0 4
208 18 0 3
209 17 0 5
210 16 0 6
211 17 0 7
212 20 0 5
213 19 0 4
214 19 0 5
215 19 0 7
216 23 0 6
217 21 0 4
218 23 0 5
219 23 0 5
220 20 0 6
221 21 0 6
222 21 0 6
223 21 0 6
224 24 0 5
225 22 0 7
226 23 0 5
227 22 0 6
228 23 0 6
229 21 0 7
230 22 0 5
231 24 0 5
232 20 0 6
233 20 0 5
234 21 0 5
235 17 0 6
236 18 0 6
237 23 0 6
238 24 0 6
239 23 0 6
240 23 0 6
241 24 0 5
242 25 0 6
243 25 0 6
244 27 0 4
245 21 0 6
246 19 0 6
247 20 0 5
248 19 0 5
249 21 0 7
250 22 0 6
251 23 0 6
252 22 0 5
253 21 0 6
254 23 0 7
255 22 0 6
256 22 0 7
257 23 0 7
258 18 0 5
259 21 0 6
260 21 0 7
261 24 0 6
262 25 0 6
263 25 0 6
264 24 0 7
265 24 0 7
266 26 0 5
267 26 0 6
268 23 0 7
269 24 0 7
270 25 0 6
271 25 0 5
272 25 0 5
273 24 0 7
274 24 0 7
275 25 0 7
276 27 0 6
277 25 0 4
278 24 0 6
279 27 0 6
280 27 0 6
281 28 0 6
282 28 0 6
283 29 0 6
284 27 0 7
285 25 0 6
286 26 0 6
287 24 0 7
288 24 0 6
289 20 0 5
290 23 0 7
291 26 0 7
292 26 0 5
293 27 0 5
294 26 0 6
295 26 0 7
296 25 0 6
297 26 0 6
298 26 0 5
299 23 0 5
300 21 0 5
301 24 0 6
302 23 0 6
303 26 0 7
304 28 0 7
305 24 0 6
306 25 0 7
307 23 0 7
308 24 0 7
309 27 0 6
310 29 0 6
311 28 0 8
312 27 0 8
313 28 0 7
314 30 0 7
315 32 0 6
316 32 0 6
317 31 0 6
318 29 0 7
319 32 0 6
320 35 0 5
321 33 0 9
322 35 0 9
323 34 0 9
324 34 0 9
325 32 0 9
326 34 0 8
327 34 0 8
328 30 0 8
329 31 0 8
330 32 0 8
331 29 0 8
332 28 1 9
333 27 0 10
334 26 0 9
335 29 0 8
336 32 0 9
337 32 0 9
338 31 1 8
339 30 1 8
340 31 0 8
341 33 0 9
342 32 0 9
343 31 0 9
344 35 1 9
345 34 1 10
346 35 1 10
347 35 0 10
348 31 0 10
349 31 1 9
350 31 0 9
351 36 0 10
352 35 0 9
353 33 0 9
354 32 0 9
355 33 0 11
356 32 0 11
357 34 0 9
358 34 1 8
359 33 0 9
360 32 2 11
361 32 0 11
362 32 0 10
363 29 0 11
364 31 1 11
365 34 1 11
366 34 0 10
367 36 0 10
368 34 2 9
369 30 1 10
370 29 1 8
371 30 0 11
372 32 0 9
373 31 0 9
374 34 1 10
375 32 0 9
376 34 0 9
377 34 0 11
378 32 1 11
379 33 1 10
380 33 1 10
381 36 1 10
382 35 0 10
383 37 1 11
384 35 1 11
385 33 0 10
386 32 2 10
387 34 2 11
388 31 2 11
389 32 2 10
390 33 2 11
391 35 2 11
392 34 2 10
393 35 2 11
394 38 2 11
395 37 1 11
396 39 1 11
397 40 2 11
398 38 1 10
399 38 2 9
400 37 2 12
