0 0 0 0
1 0 0 0
2 0 0 0
3 0 0 0
4 0 0 0
5 0 0 0
6 0 0 0
7 0 0 0
8 0 0 0
9 0 0 0
10 0 0 0
11 0 0 0
12 0 0 0
13 0 0 0
14 0 0 0
15 1 0 0
16 1 0 0
17 2 0 0
18 1 0 0
19 1 0 0
20 1 0 0
21 1 0 0
22 2 0 0
23 1 0 0
24 3 0 0
25 3 0 0
26 3 0 0
27 2 0 0
28 3 0 0
29 4 0 0
30 5 0 0
31 4 0 0
32 5 0 0
33 5 0 0
34 5 0 0
35 9 0 0
36 11 0 1
37 10 0 0
38 10 0 1
39 10 0 1
40 8 0 1
41 10 0 1
42 10 0 1
43 11 0 1
44 11 0 1
45 11 0 1
46 10 0 1
47 11 0 0
48 11 0 0
49 10 0 0
50 13 0 0
51 11 0 0
52 12 0 0
53 13 0 0
54 12 0 1
55 12 0 1
56 15 0 2
57 12 0 2
58 14 0 2
59 15 0 2
60 15 0 2
61 16 0 2
62 18 0 2
63 18 0 2
64 18 0 3
65 17 0 3
66 16 0 2
67 17 0 3
68 17 0 3
69 17 0 3
70 16 0 3
71 17 0 4
72 18 0 4
73 19 0 2
74 18 0 3
75 18 0 4
76 15 0 3
77 17 0 4
78 17 0 4
79 19 0 4
80 20 0 3
81 20 0 4
82 18 0 3
83 20 0 3
84 17 0 4
85 19 0 4
86 17 0 3
87 20 0 4
88 19 0 4
89 20 0 4
90 21 0 4
91 20 0 4
92 21 0 4
93 19 0 4
94 22 0 3
95 21 0 4
96 22 0 3
97 20 0 4
98 20 0 4
99 20 0 4
100 20 0 4
101 19 0 4
102 19 0 4
103 19 0 4
104 20 0 4
105 20 0 4
106 21 0 3
107 23 0 4
108 20 0 4
109 22 0 4
110 22 0 3
111 19 0 3
112 20 0 4
113 19 0 4
114 21 0 3
115 19 0 3
116 18 0 4
117 19 0 4
118 18 0 3
119 20 0 3
120 21 0 4
121 22 0 4
122 21 0 4
123 22 0 4
124 22 0 4
125 23 0 4
126 21 0 4
127 20 0 4
128 19 0 4
129 18 0 4
130 16 0 4
131 19 0 4
132 18 0 4
133 21 0 4
134 20 0 5
135 21 0 5
136 18 0 4
137 15 0 4
138 18 0 4
139 20 0 4
140 18 0 4
141 20 0 6
142 19 0 5
143 20 0 5
144 16 0 6
145 18 0 5
146 18 0 5
147 22 0 7
148 23 0 7
149 22 0 5
150 23 0 5
151 20 0 6
152 21 0 7
153 21 0 5
154 19 0 5
155 21 0 7
156 23 0 7
157 22 0 4
158 25 0 4
159 25 0 6
160 26 0 6
161 24 0 5
162 24 0 6
163 23 0 6
164 25 0 5
165 25 0 4
166 25 0 5
167 26 0 6
168 24 0 6
169 24 0 5
170 24 0 6
171 23 0 7
172 23 0 7
173 26 0 7
174 25 0 7
175 24 0 7
176 23 0 7
177 23 0 6
178 22 0 6
179 23 0 6
180 23 0 6
181 23 0 7
182 21 0 7
183 23 0 7
184 24 0 8
185 24 0 7
186 25 0 7
187 27 1 7
188 25 0 7
189 26 0 8
190 26 0 7
191 27 0 7
192 25 1 8
193 27 0 8
194 28 0 7
195 27 0 6
196 25 1 7
197 26 1 7
198 25 1 6
199 27 0 7
200 25 0 5
201 30 1 7
202 30 1 8
203 30 1 7
204 30 1 6
205 29 1 6
206 30 1 7
207 28 1 7
208 27 1 7
209 29 1 7
210 31 1 8
211 31 1 8
212 31 1 7
213 30 1 7
214 31 1 7
215 31 1 7
216 33 1 8
217 30 1 7
218 31 1 7
219 27 1 8
220 29 1 7
221 29 1 8
222 27 1 8
223 30 1 7
224 30 1 7
225 31 1 8
226 31 1 7
227 33 1 7
228 29 1 8
229 30 1 8
230 33 1 7
231 33 1 6
232 33 1 7
233 34 1 8
234 33 1 7
235 32 1 7
236 33 1 8
237 32 1 6
238 30 1 7
239 29 1 8
240 30 1 8
241 32 1 7
242 33 1 7
243 33 1 7
244 32 1 8
245 33 1 8
246 36 1 8
247 35 1 8
248 35 1 7
249 35 1 7
250 34 1 8
251 33 1 7
252 34 0 7
253 36 1 8
254 34 1 8
255 34 1 7
256 36 1 6
257 36 1 6
258 35 1 8
259 35 0 9
260 35 1 7
261 37 1 8
262 35 0 8
263 35 0 9
264 35 1 9
265 35 1 8
266 33 0 7
267 33 0 9
268 34 1 10
269 37 1 9
270 37 1 7
271 34 1 6
272 36 1 8
273 37 0 8
274 35 1 6
275 36 1 7
276 35 0 7
277 35 0 9
278 36 1 9
279 34 1 7
280 36 0 9
281 36 0 10
282 36 1 9
283 33 1 9
284 34 0 9
285 35 1 10
286 36 1 10
287 36 0 7
288 36 1 10
289 38 1 10
290 35 1 8
291 38 0 10
292 35 1 11
293 35 1 11
294 34 1 9
295 34 0 9
296 37 1 7
297 34 1 9
298 37 1 11
299 34 1 10
300 35 1 10
301 40 1 11
302 38 0 11
303 38 0 11
304 40 0 10
305 40 0 11
306 39 0 10
307 35 0 11
308 39 0 10
309 43 0 11
310 42 0 10
311 38 0 11
312 41 0 10
313 40 0 10
314 36 0 10
315 38 0 9
316 41 0 10
317 39 0 10
318 42 0 9
319 41 0 10
320 42 0 9
321 43 0 10
322 38 0 9
323 39 0 11
324 38 0 10
325 39 1 10
326 41 1 11
327 37 0 11
328 42 0 11
329 42 1 11
330 44 1 11
331 44 0 11
332 46 0 9
333 43 0 9
334 45 1 9
335 45 0 9
336 43 0 9
337 47 0 8
338 46 1 10
339 46 1 11
340 44 0 11
341 44 0 11
342 43 0 11
343 40 0 11
344 45 1 11
345 44 1 11
346 43 0 10
347 43 1 11
348 39 0 11
349 39 1 11
350 44 0 10
351 40 1 10
352 41 1 9
353 41 0 9
354 44 1 10
355 43 0 9
356 43 0 11
357 44 0 12
358 40 0 12
359 44 1 12
360 43 0 10
361 42 0 12
362 40 0 12
363 40 1 12
364 41 0 12
365 40 0 10
366 40 0 12
367 41 0 12
368 42 1 12
369 43 0 12
370 44 0 12
371 45 0 10
372 47 0 12
373 48 1 12
374 49 0 12
375 52 0 11
376 51 0 12
377 48 1 11
378 45 1 12
379 46 0 12
380 45 0 11
381 48 1 12
382 48 1 12
383 46 0 12
384 43 0 11
385 43 0 12
386 40 1 11
387 46 0 12
388 45 0 12
389 45 1 11
390 40 0 10
391 41 0 11
392 44 1 10
393 44 1 11
394 45 1 11
395 46 1 11
396 46 1 11
397 42 1 11
398 45 1 11
399 44 1 11
400 41 1 11
