0 0 0 0
1 0 0 0
2 0 0 0
3 0 0 0
4 0 0 0
5 0 0 0
6 0 0 0
7 0 0 0
8 1 0 0
9 1 0 0
10 1 0 0
11 1 0 0
12 1 0 0
13 0 0 0
14 0 0 0
15 0 0 0
16 1 0 0
17 1 0 0
18 1 0 0
19 0 0 0
20 0 0 0
21 0 0 0
22 2 0 0
23 2 0 0
24 2 0 0
25 1 0 0
26 3 0 0
27 3 0 0
28 3 0 0
29 2 0 0
30 0 0 0
31 3 0 0
32 3 0 0
33 5 0 0
34 4 0 0
35 4 0 0
36 3 0 0
37 5 0 0
38 5 0 0
39 6 0 0
40 7 0 0
41 8 0 0
42 10 0 0
43 9 0 0
44 8 0 0
45 9 0 0
46 10 0 0
47 9 0 0
48 10 0 0
49 11 0 0
50 10 0 0
51 11 0 0
52 11 0 0
53 11 0 0
54 13 0 0
55 12 0 0
56 12 0 0
57 11 0 0
58 13 0 0
59 15 0 0
60 17 0 0
61 16 0 0
62 16 0 0
63 17 0 0
64 16 0 0
65 16 0 0
66 17 0 0
67 16 0 0
68 17 0 0
69 14 0 0
70 16 0 0
71 17 0 0
72 17 0 0
73 14 0 0
74 15 0 0
75 16 0 0
76 18 0 0
77 18 0 0
78 17 0 0
79 17 0 0
80 17 0 0
81 16 0 0
82 17 0 0
83 20 0 0
84 19 0 0
85 19 0 0
86 16 0 0
87 19 0 0
88 20 0 0
89 20 0 0
90 20 0 0
91 18 0 0
92 20 0 0
93 18 0 0
94 20 0 0
95 21 0 0
96 20 0 0
97 19 0 0
98 19 0 0
99 19 0 0
100 18 0 0
101 18 0 0
102 18 0 0
103 18 0 0
104 20 0 0
105 21 0 0
106 20 0 0
107 21 0 0
108 20 0 0
109 18 0 0
110 17 0 0
111 16 0 0
112 17 0 0
113 18 0 0
114 18 0 0
115 18 0 0
116 18 0 0
117 19 0 0
118 18 0 0
119 19 0 0
120 16 0 0
121 17 0 0
122 18 0 0
123 20 0 0
124 19 0 0
125 17 0 0
126 16 0 0
127 16 0 0
128 16 0 0
129 17 0 0
130 17 0 0
131 16 0 0
132 17 0 0
133 18 0 0
134 17 0 0
135 18 0 0
136 17 0 0
137 18 0 0
138 19 0 0
139 17 0 0
140 17 0 0
141 17 0 0
142 16 0 0
143 15 0 0
144 16 0 0
145 17 0 0
146 16 0 0
147 17 0 0
148 17 0 0
149 17 0 0
150 15 0 0
151 14 0 0
152 16 0 0
153 16 0 0
154 16 0 0
155 17 0 0
156 16 0 0
157 20 0 0
158 17 0 0
159 16 0 0
160 17 0 0
161 17 0 0
162 18 0 0
163 18 0 0
164 17 0 0
165 15 0 0
166 15 0 0
167 16 0 0
168 17 0 0
169 17 0 0
170 13 0 0
171 14 0 0
172 15 0 0
173 17 0 0
174 17 0 0
175 17 0 0
176 19 0 0
177 19 0 0
178 19 0 0
179 15 0 0
180 17 0 0
181 19 0 0
182 17 0 0
183 16 0 0
184 14 0 0
185 18 0 0
186 17 0 0
187 18 0 0
188 20 0 0
189 19 0 0
190 20 0 0
191 21 0 0
192 20 0 0
193 19 0 0
194 18 0 0
195 20 0 0
196 20 0 0
197 19 0 0
198 18 0 0
199 20 0 0
200 19 0 0
201 18 0 0
202 17 0 0
203 19 0 0
204 18 0 0
205 21 0 0
206 20 0 0
207 20 0 0
208 20 0 0
209 19 0 0
210 22 0 0
211 20 0 0
212 21 0 0
213 24 0 0
214 24 0 0
215 21 0 0
216 21 0 0
217 21 0 0
218 21 0 0
219 22 0 0
220 21 0 0
221 22 0 0
222 19 0 0
223 20 0 0
224 25 0 0
225 24 0 0
226 21 0 0
227 22 0 0
228 22 0 0
229 19 0 0
230 21 0 0
231 21 0 0
232 22 0 0
233 23 0 0
234 22 0 0
235 22 0 0
236 21 0 0
237 24 0 0
238 26 0 0
239 23 0 0
240 23 0 0
241 21 0 0
242 19 0 0
243 19 0 0
244 19 0 0
245 20 0 0
246 23 0 0
247 24 0 0
248 24 0 0
249 21 0 0
250 20 0 0
251 20 0 0
252 18 0 0
253 19 0 0
254 21 0 0
255 22 0 0
256 24 0 0
257 23 0 0
258 20 0 0
259 22 0 0
260 23 0 0
261 23 0 0
262 21 0 0
263 18 0 0
264 18 0 0
265 20 0 0
266 20 0 0
267 22 0 0
268 22 0 0
269 22 0 0
270 22 0 0
271 23 0 0
272 25 0 0
273 25 0 0
274 27 0 0
275 25 0 0
276 25 0 0
277 21 0 0
278 23 0 0
279 23 0 0
280 25 0 0
281 25 0 0
282 24 0 0
283 20 0 0
284 20 0 0
285 21 0 0
286 19 0 0
287 20 0 0
288 22 0 0
289 22 0 0
290 20 0 0
291 22 0 0
292 22 0 0
293 21 0 0
294 22 0 0
295 22 0 0
296 21 0 0
297 19 0 0
298 23 0 0
299 20 0 0
300 20 0 0
301 24 0 0
302 28 0 0
303 25 0 0
304 26 0 0
305 25 0 0
306 24 0 0
307 25 0 0
308 24 0 0
309 22 0 0
310 23 0 0
311 25 0 0
312 25 0 0
313 23 0 0
314 23 0 0
315 20 0 0
316 21 0 0
317 22 0 0
318 21 0 0
319 24 0 0
320 22 0 0
321 24 0 0
322 21 0 0
323 24 0 0
324 24 0 0
325 17 0 0
326 19 0 0
327 20 0 0
328 19 0 0
329 22 0 0
330 22 0 0
331 23 0 0
332 23 0 0
333 20 0 0
334 24 0 0
335 23 0 0
336 24 0 0
337 23 0 0
338 23 0 0
339 23 0 0
340 24 0 0
341 25 0 0
342 25 0 0
343 22 0 0
344 24 0 0
345 24 0 0
346 26 0 0
347 26 0 0
348 24 0 0
349 24 0 0
350 26 0 0
351 25 0 0
352 25 0 0
353 27 0 0
354 25 0 0
355 25 0 0
356 23 0 0
357 24 0 0
358 24 0 0
359 26 0 0
360 26 0 0
361 23 0 0
362 25 0 0
363 25 0 0
364 25 0 0
365 27 0 0
366 26 0 0
367 24 0 0
368 27 0 0
369 26 0 0
370 26 0 0
371 27 0 0
372 26 0 0
373 28 0 0
374 26 0 0
375 26 0 0
376 25 0 0
377 27 0 0
378 27 0 0
379 26 0 0
380 26 0 0
381 26 0 0
382 27 0 0
383 28 0 0
384 26 0 0
385 25 0 0
386 25 0 0
387 27 0 0
388 21 0 0
389 24 0 0
390 23 0 0
391 25 0 0
392 26 0 0
393 26 0 0
394 28 0 0
395 29 0 0
396 30 0 0
397 29 0 0
398 27 0 0
399 26 0 1
400 27 0 0
