0 0 0 0
1 0 0 0
2 0 0 0
3 0 0 0
4 0 0 0
5 0 0 0
6 0 0 0
7 0 0 0
8 0 0 0
9 0 0 0
10 0 0 0
11 0 0 0
12 1 0 0
13 1 0 0
14 3 0 0
15 0 0 0
16 0 0 0
17 3 0 0
18 4 0 0
19 3 0 0
20 3 0 0
21 3 0 0
22 3 0 0
23 4 0 0
24 3 0 0
25 5 0 0
26 4 0 0
27 4 0 0
28 5 0 0
29 5 0 1
30 7 0 2
31 8 0 0
32 8 0 0
33 10 0 1
34 9 0 1
35 8 0 1
36 8 0 1
37 9 0 2
38 8 0 0
39 7 0 1
40 8 0 0
41 8 0 0
42 9 0 2
43 10 0 1
44 9 0 2
45 9 0 1
46 10 0 1
47 11 0 1
48 12 0 1
49 12 0 1
50 11 0 2
51 12 0 1
52 14 0 2
53 11 0 2
54 13 0 1
55 12 0 2
56 12 0 1
57 14 0 2
58 11 0 1
59 13 0 1
60 15 0 1
61 13 0 2
62 13 0 2
63 13 0 1
64 12 0 1
65 13 0 2
66 14 0 2
67 14 0 1
68 17 0 2
69 16 0 1
70 16 0 2
71 15 0 1
72 16 0 1
73 16 0 2
74 15 0 2
75 15 0 1
76 16 0 1
77 16 0 2
78 18 0 1
79 19 0 2
80 16 0 2
81 17 0 1
82 18 0 1
83 18 0 2
84 18 0 1
85 18 0 2
86 19 0 2
87 19 0 2
88 19 0 2
89 19 0 1
90 18 0 2
91 18 0 2
92 20 0 2
93 19 0 1
94 18 0 2
95 20 0 2
96 19 0 2
97 18 0 2
98 19 0 1
99 18 0 2
100 19 0 1
101 20 0 2
102 20 0 2
103 20 0 1
104 21 0 1
105 18 0 1
106 18 0 1
107 18 0 1
108 20 0 1
109 21 0 2
110 19 0 2
111 18 0 2
112 17 0 2
113 16 0 1
114 16 0 1
115 18 0 1
116 19 0 2
117 19 0 2
118 19 0 2
119 18 0 1
120 20 0 1
121 20 0 2
122 19 0 2
123 19 0 1
124 16 0 1
125 17 0 2
126 16 0 2
127 15 0 1
128 15 0 1
129 16 0 1
130 17 0 2
131 17 0 2
132 18 0 1
133 19 0 1
134 18 0 1
135 21 0 2
136 22 0 2
137 20 0 2
138 18 0 2
139 21 0 2
140 19 0 1
141 19 0 1
142 17 0 2
143 15 0 2
144 19 0 2
145 20 0 2
146 20 0 2
147 20 0 2
148 19 0 1
149 17 0 1
150 18 0 1
151 20 0 2
152 20 0 2
153 20 0 1
154 20 0 1
155 19 0 1
156 20 0 2
157 19 0 2
158 17 0 2
159 18 0 2
160 18 0 2
161 17 0 2
162 18 0 2
163 18 0 2
164 19 0 1
165 17 0 1
166 17 0 2
167 18 0 2
168 16 0 1
169 15 0 1
170 15 0 2
171 16 0 2
172 16 0 1
173 18 0 2
174 16 0 2
175 17 0 1
176 19 0 2
177 18 0 2
178 17 0 1
179 16 0 2
180 17 0 2
181 17 0 2
182 17 0 1
183 18 0 1
184 16 0 2
185 17 0 1
186 17 0 1
187 15 0 2
188 15 0 2
189 15 0 2
190 17 0 2
191 15 0 2
192 14 0 2
193 15 0 2
194 14 0 2
195 15 0 2
196 17 0 2
197 17 0 2
198 17 0 2
199 17 0 2
200 16 0 2
201 19 0 1
202 20 0 2
203 21 0 2
204 18 0 1
205 15 0 1
206 15 0 2
207 12 0 2
208 10 0 1
209 11 0 1
210 10 0 1
211 14 0 1
212 13 0 2
213 15 0 2
214 19 0 2
215 20 0 2
216 21 0 2
217 20 0 2
218 17 0 1
219 18 0 1
220 18 0 1
221 18 0 1
222 17 0 1
223 18 0 1
224 18 0 2
225 19 0 1
226 22 0 1
227 21 0 1
228 21 0 2
229 21 0 1
230 21 0 1
231 18 0 2
232 22 0 2
233 21 0 2
234 21 0 2
235 21 0 2
236 21 0 1
237 23 0 1
238 22 0 1
239 22 0 2
240 20 0 2
241 19 0 2
242 18 0 2
243 19 0 2
244 18 0 1
245 16 0 2
246 16 0 2
247 15 0 2
248 16 0 2
249 16 0 2
250 18 0 1
251 18 0 2
252 18 0 2
253 18 0 2
254 18 0 2
255 19 0 2
256 19 0 2
257 20 0 2
258 15 0 2
259 17 0 2
260 16 0 2
261 17 0 1
262 20 0 1
263 20 0 2
264 21 0 1
265 20 0 2
266 20 0 2
267 17 0 2
268 18 0 1
269 19 0 1
270 19 0 2
271 21 0 2
272 20 0 1
273 20 0 1
274 20 0 1
275 21 0 1
276 23 0 2
277 23 0 2
278 18 0 1
279 20 0 1
280 21 0 1
281 21 0 1
282 21 0 1
283 20 0 1
284 23 0 1
285 23 0 1
286 20 0 1
287 20 0 1
288 20 0 1
289 22 0 1
290 22 0 2
291 22 0 2
292 20 0 1
293 21 0 1
294 23 0 1
295 23 0 1
296 23 0 2
297 24 0 2
298 23 0 1
299 23 0 2
300 25 0 1
301 24 0 2
302 23 0 2
303 23 0 1
304 23 0 2
305 20 0 2
306 24 0 1
307 27 0 1
308 25 0 1
309 28 0 2
310 28 0 2
311 28 0 2
312 28 0 2
313 28 0 2
314 27 0 2
315 27 0 2
316 27 0 2
317 25 0 2
318 26 0 2
319 25 0 2
320 26 0 2
321 26 0 2
322 25 0 2
323 26 0 2
324 25 0 2
325 24 0 2
326 29 0 2
327 28 0 2
328 27 0 2
329 29 0 2
330 26 0 2
331 23 0 2
332 24 0 2
333 23 0 2
334 25 0 2
335 26 0 1
336 23 0 2
337 24 0 2
338 25 0 2
339 24 0 2
340 24 0 2
341 24 0 2
342 23 0 2
343 22 0 2
344 25 0 2
345 27 0 2
346 26 0 2
347 24 0 1
348 22 0 2
349 26 0 2
350 27 0 2
351 25 0 2
352 27 0 2
353 29 0 2
354 28 0 2
355 28 0 2
356 28 0 2
357 27 0 2
358 26 0 2
359 25 0 2
360 25 0 2
361 26 0 2
362 28 0 2
363 27 0 2
364 24 0 2
365 26 0 2
366 28 0 2
367 27 0 2
368 25 0 2
369 24 0 2
370 24 0 2
371 23 0 2
372 25 0 2
373 27 0 2
374 25 0 2
375 25 0 2
376 27 0 2
377 23 0 2
378 24 0 2
379 25 0 2
380 25 0 2
381 27 0 2
382 27 0 2
383 28 0 2
384 29 0 2
385 30 0 2
386 29 0 2
387 28 0 3
388 28 0 2
389 28 0 2
390 27 0 2
391 27 0 3
392 25 0 3
393 25 0 3
394 29 0 3
395 28 0 4
396 27 0 4
397 26 0 4
398 28 0 5
399 29 0 2
400 28 0 3
