0 0 0 0
1 0 0 0
2 0 0 0
3 0 0 0
4 0 0 0
5 0 0 0
6 0 0 0
7 0 0 0
8 0 0 0
9 0 0 0
10 0 0 0
11 0 0 0
12 0 0 0
13 1 0 0
14 1 0 0
15 1 0 0
16 0 0 1
17 1 0 0
18 1 0 0
19 1 0 0
20 2 0 0
21 2 0 0
22 4 0 0
23 3 0 1
24 2 0 1
25 2 0 1
26 4 0 1
27 2 0 1
28 3 0 1
29 3 0 2
30 3 0 1
31 3 0 2
32 3 0 2
33 3 0 2
34 4 0 1
35 3 0 2
36 4 0 2
37 4 0 2
38 6 0 2
39 7 0 2
40 6 0 2
41 7 0 1
42 7 0 1
43 7 0 0
44 7 0 1
45 6 0 1
46 6 0 0
47 7 0 1
48 7 0 1
49 7 0 0
50 7 0 2
51 8 0 1
52 8 0 2
53 7 0 2
54 8 0 1
55 10 0 2
56 10 0 2
57 9 0 2
58 8 0 1
59 9 0 1
60 8 0 2
61 11 0 2
62 13 0 2
63 11 0 2
64 12 0 2
65 12 0 2
66 11 0 1
67 10 0 1
68 10 0 2
69 14 0 2
70 11 0 2
71 12 0 1
72 12 0 1
73 11 0 2
74 12 0 2
75 11 0 2
76 10 0 2
77 11 0 2
78 14 0 2
79 15 0 2
80 13 0 2
81 13 0 2
82 16 0 2
83 16 0 2
84 14 0 2
85 14 0 2
86 14 0 2
87 14 0 2
88 16 0 2
89 17 0 2
90 14 0 2
91 16 0 2
92 17 0 2
93 21 0 1
94 19 0 2
95 16 0 2
96 14 0 2
97 18 0 2
98 17 0 2
99 21 0 2
100 19 0 2
101 17 0 3
102 13 0 1
103 13 0 1
104 14 0 2
105 13 0 3
106 14 0 2
107 14 0 2
108 15 0 3
109 16 0 3
110 15 0 2
111 15 0 2
112 16 0 3
113 16 0 3
114 17 0 3
115 16 0 2
116 19 0 3
117 20 0 3
118 17 0 2
119 16 0 1
120 18 0 2
121 17 0 3
122 17 0 2
123 20 0 1
124 18 0 1
125 19 0 3
126 18 0 2
127 15 0 1
128 16 0 1
129 15 0 3
130 16 0 1
131 16 0 1
132 15 0 2
133 17 0 2
134 16 0 1
135 20 0 2
136 17 0 3
137 20 0 3
138 20 0 3
139 20 0 3
140 19 0 3
141 18 0 3
142 15 0 2
143 14 0 2
144 15 0 2
145 15 0 2
146 14 0 2
147 13 0 2
148 13 0 2
149 13 0 2
150 15 0 1
151 15 0 2
152 16 0 3
153 19 0 2
154 18 0 2
155 15 0 3
156 16 0 3
157 16 0 3
158 17 0 3
159 16 0 1
160 16 0 4
161 15 0 4
162 17 0 1
163 16 0 2
164 16 0 2
165 17 0 3
166 18 0 3
167 17 0 4
168 18 0 3
169 18 0 3
170 17 0 4
171 17 0 3
172 18 0 1
173 19 0 2
174 19 0 2
175 16 0 3
176 15 0 1
177 16 0 3
178 19 0 3
179 16 0 2
180 16 0 4
181 17 0 4
182 18 0 4
183 17 0 5
184 16 0 4
185 15 0 5
186 15 0 3
187 12 0 3
188 10 0 5
189 12 0 4
190 16 0 4
191 18 0 2
192 18 0 4
193 20 0 4
194 19 0 3
195 19 0 4
196 18 0 5
197 19 0 4
198 19 0 4
199 17 0 5
200 19 0 5
201 18 0 4
202 18 0 4
203 17 0 3
204 18 0 4
205 18 0 3
206 17 0 4
207 15 0 4
208 14 0 5
209 14 0 5
210 16 0 4
211 17 0 4
212 14 0 3
213 15 0 3
214 14 0 3
215 18 0 3
216 19 0 4
217 19 0 3
218 22 0 4
219 21 0 3
220 19 0 5
221 18 0 5
222 18 0 4
223 17 0 4
224 19 0 5
225 18 0 4
226 15 0 5
227 19 0 5
228 19 0 4
229 17 0 4
230 16 0 4
231 19 0 2
232 16 0 5
233 16 0 3
234 16 0 3
235 18 0 3
236 19 0 5
237 17 0 3
238 19 0 1
239 20 0 5
240 20 0 4
241 18 0 4
242 18 0 4
243 20 0 4
244 20 0 5
245 22 0 4
246 24 0 4
247 20 0 4
248 21 0 5
249 17 0 4
250 17 0 4
251 19 0 5
252 20 0 5
253 20 0 5
254 20 0 4
255 19 0 5
256 22 0 5
257 19 0 3
258 21 0 3
259 20 0 4
260 20 0 5
261 23 0 4
262 24 0 4
263 22 0 4
264 23 0 4
265 24 0 4
266 24 0 4
267 22 0 4
268 21 0 4
269 21 0 4
270 22 0 3
271 21 0 5
272 18 0 4
273 21 0 4
274 21 0 3
275 21 0 4
276 23 0 5
277 23 0 4
278 21 0 4
279 22 0 4
280 20 0 4
281 25 0 5
282 25 0 4
283 24 0 5
284 19 0 4
285 18 0 4
286 19 0 5
287 19 0 5
288 18 0 4
289 23 0 6
290 25 0 6
291 24 0 4
292 25 0 5
293 24 0 5
294 25 0 6
295 23 0 6
296 24 0 6
297 26 0 7
298 28 0 7
299 27 0 7
300 27 0 6
301 26 0 7
302 25 0 5
303 25 0 6
304 27 0 6
305 26 0 6
306 24 0 5
307 23 0 5
308 21 0 6
309 24 0 5
310 24 0 7
311 25 0 7
312 22 0 5
313 23 0 6
314 24 0 6
315 25 0 7
316 25 0 7
317 24 0 6
318 25 0 7
319 25 0 6
320 24 0 6
321 24 0 6
322 23 0 7
323 24 0 6
324 25 0 6
325 26 0 6
326 25 0 7
327 26 0 6
328 24 0 6
329 24 0 5
330 23 0 7
331 20 0 7
332 21 0 6
333 19 0 6
334 20 0 7
335 20 0 7
336 21 0 6
337 24 0 6
338 24 0 6
339 23 0 6
340 22 0 4
341 22 0 5
342 21 0 6
343 20 0 6
344 21 0 6
345 21 0 6
346 19 0 6
347 21 0 5
348 19 0 6
349 20 0 7
350 21 0 7
351 24 0 5
352 25 0 6
353 23 0 7
354 25 0 7
355 23 0 6
356 23 0 7
357 24 0 7
358 23 0 7
359 19 0 6
360 18 0 5
361 19 0 7
362 19 0 7
363 18 0 8
364 24 0 6
365 25 0 7
366 28 0 8
367 26 0 8
368 23 0 7
369 25 0 6
370 29 0 8
371 29 0 7
372 27 0 5
373 27 0 5
374 26 0 5
375 28 0 7
376 28 0 6
377 29 0 4
378 29 0 7
379 30 0 6
380 26 0 6
381 28 0 7
382 30 0 7
383 27 0 7
384 27 0 7
385 29 0 7
386 30 0 6
387 30 0 5
388 25 0 5
389 27 0 6
390 28 0 5
391 25 0 5
392 28 0 7
393 28 0 8
394 30 0 7
395 30 0 7
396 31 0 8
397 32 0 7
398 29 0 7
399 30 0 7
400 29 0 7
