0 0 0 0
1 0 0 0
2 0 0 0
3 0 0 0
4 0 0 0
5 0 0 0
6 0 0 0
7 0 0 0
8 0 0 0
9 1 0 0
10 1 0 0
11 1 0 0
12 2 0 0
13 2 0 0
14 2 0 0
15 1 0 0
16 1 0 0
17 2 0 0
18 2 0 0
19 2 0 0
20 3 0 0
21 2 0 0
22 2 0 0
23 5 0 0
24 7 0 0
25 5 0 0
26 5 0 0
27 8 0 0
28 9 0 0
29 10 0 0
30 10 0 0
31 12 0 0
32 11 0 0
33 12 0 0
34 11 0 0
35 11 0 0
36 14 0 0
37 15 0 0
38 14 0 0
39 13 0 1
40 15 0 0
41 14 0 1
42 16 0 0
43 17 0 0
44 16 0 1
45 14 0 0
46 14 0 1
47 15 0 0
48 16 0 1
49 19 0 1
50 17 0 0
51 19 0 1
52 16 0 1
53 18 0 1
54 16 0 1
55 15 0 0
56 15 0 1
57 20 0 1
58 20 0 0
59 17 0 1
60 18 0 1
61 19 0 2
62 20 0 0
63 18 0 2
64 17 0 2
65 16 0 1
66 20 0 2
67 22 0 2
68 18 0 1
69 18 0 1
70 18 0 2
71 19 0 2
72 22 0 2
73 22 0 2
74 20 0 1
75 20 0 1
76 20 0 1
77 22 0 1
78 23 0 2
79 23 0 2
80 24 0 2
81 23 0 2
82 25 0 2
83 25 0 2
84 25 0 2
85 24 0 2
86 25 0 2
87 21 0 2
88 23 0 2
89 25 0 2
90 24 0 2
91 23 0 2
92 24 0 2
93 24 0 2
94 23 0 2
95 25 0 2
96 26 0 2
97 24 0 1
98 26 0 0
99 27 0 1
100 25 0 2
101 23 0 1
102 20 0 2
103 20 0 2
104 22 0 0
105 21 0 2
106 21 0 2
107 20 0 1
108 22 0 0
109 22 0 2
110 24 0 2
111 25 0 1
112 24 0 1
113 24 0 2
114 24 0 1
115 26 0 3
116 25 0 2
117 26 0 2
118 26 0 3
119 25 0 3
120 23 0 1
121 23 0 1
122 22 0 4
123 19 0 2
124 23 0 1
125 23 0 2
126 23 0 3
127 21 0 4
128 21 0 3
129 21 0 3
130 23 0 4
131 23 0 3
132 25 0 4
133 22 0 4
134 24 0 3
135 27 0 4
136 26 0 2
137 26 0 2
138 26 0 3
139 28 0 2
140 24 0 2
141 22 0 3
142 22 0 2
143 21 0 3
144 21 0 3
145 24 0 4
146 25 0 3
147 24 0 3
148 25 0 3
149 25 0 3
150 24 0 1
151 24 0 1
152 25 0 2
153 24 0 1
154 25 0 3
155 25 0 3
156 26 0 2
157 26 0 2
158 25 0 3
159 26 0 5
160 25 0 5
161 27 0 5
162 28 0 5
163 27 0 4
164 28 0 5
165 25 0 5
166 23 0 4
167 24 0 4
168 24 0 4
169 26 0 1
170 27 0 3
171 27 0 4
172 25 0 4
173 24 0 4
174 23 0 5
175 24 0 3
176 28 0 3
177 26 0 1
178 25 0 4
179 26 0 5
180 27 0 5
181 27 0 5
182 26 0 4
183 28 0 3
184 28 0 4
185 28 0 4
186 26 0 4
187 27 0 5
188 26 0 4
189 27 0 5
190 25 0 6
191 27 0 6
192 28 0 6
193 29 0 5
194 26 0 6
195 28 0 6
196 26 0 6
197 26 0 5
198 26 0 6
199 29 0 6
200 28 0 6
201 28 0 5
202 29 0 6
203 29 0 6
204 28 0 6
205 28 0 4
206 31 0 6
207 31 0 6
208 31 0 5
209 30 0 6
210 29 0 6
211 30 0 4
212 31 0 4
213 32 0 6
214 31 0 6
215 28 0 4
216 30 0 5
217 29 0 5
218 28 0 4
219 27 0 6
220 24 0 5
221 25 0 5
222 27 0 4
223 27 0 4
224 27 0 5
225 29 0 4
226 28 0 6
227 28 0 6
228 28 0 6
229 31 0 5
230 31 0 5
231 32 0 5
232 33 0 4
233 34 0 5
234 32 0 5
235 31 0 6
236 31 0 6
237 32 0 6
238 30 0 7
239 32 0 6
240 31 0 5
241 32 0 7
242 31 0 7
243 30 0 6
244 30 0 7
245 28 0 6
246 28 0 8
247 30 0 7
248 33 0 7
249 32 0 6
250 29 0 6
251 29 0 5
252 31 0 8
253 29 0 6
254 27 0 7
255 28 0 7
256 29 0 8
257 31 0 8
258 30 0 7
259 29 0 8
260 33 0 8
261 38 0 8
262 36 0 8
263 36 0 9
264 35 0 8
265 37 0 8
266 36 0 7
267 34 0 7
268 34 0 8
269 33 0 9
270 32 0 9
271 34 0 8
272 33 0 6
273 32 0 7
274 33 0 8
275 36 0 8
276 35 0 8
277 34 0 8
278 38 1 8
279 38 0 8
280 36 0 8
281 36 0 8
282 37 0 8
283 37 0 8
284 38 0 8
285 36 0 8
286 31 0 8
287 34 0 8
288 32 0 8
289 30 0 8
290 32 0 7
291 30 0 7
292 31 0 7
293 35 0 9
294 35 0 8
295 35 0 8
296 35 0 8
297 36 0 8
298 35 0 9
299 38 0 10
300 40 0 9
301 39 0 8
302 41 0 9
303 37 0 9
304 34 0 9
305 37 1 7
306 36 0 8
307 37 1 8
308 39 1 8
309 40 1 7
310 40 1 9
311 38 1 7
312 39 1 8
313 40 1 8
314 41 1 8
315 40 1 10
316 40 1 10
317 39 1 10
318 38 1 11
319 32 1 10
320 38 1 10
321 37 1 10
322 38 0 8
323 41 1 8
324 39 1 7
325 34 1 10
326 36 1 11
327 34 1 11
328 38 1 9
329 38 1 9
330 36 1 9
331 31 1 11
332 31 1 11
333 34 1 10
334 34 1 10
335 34 1 10
336 35 1 11
337 36 1 11
338 36 1 12
339 36 1 7
340 36 1 9
341 39 1 11
342 41 1 10
343 40 1 9
344 38 1 9
345 36 1 10
346 40 1 10
347 41 1 11
348 39 1 11
349 41 1 10
350 38 1 11
351 37 1 11
352 40 1 12
353 37 1 12
354 36 1 10
355 39 1 9
356 41 1 9
357 37 1 10
358 38 1 9
359 41 1 10
360 36 1 10
361 45 1 10
362 44 1 10
363 43 1 11
364 45 1 11
365 47 1 11
366 45 1 10
367 41 1 10
368 40 1 11
369 40 1 11
370 42 1 11
371 41 1 12
372 40 1 12
373 43 1 10
374 42 1 11
375 40 1 11
376 40 1 12
377 40 1 12
378 40 1 10
379 40 1 12
380 41 1 12
381 42 1 11
382 43 1 11
383 42 1 11
384 42 1 11
385 44 1 11
386 43 1 11
387 43 0 12
388 38 0 9
389 39 0 12
390 38 0 10
391 42 0 8
392 42 0 8
393 41 1 11
394 42 1 11
395 38 1 11
396 36 1 10
397 39 1 10
398 42 1 13
399 41 1 13
400 42 1 12
