0 0 0 0
1 0 0 0
2 0 0 0
3 0 0 0
4 0 0 0
5 0 0 0
6 0 0 0
7 0 0 0
8 0 0 0
9 1 0 0
10 1 0 0
11 1 0 0
12 1 0 0
13 1 0 0
14 0 0 0
15 1 0 0
16 2 0 0
17 3 0 0
18 3 0 0
19 4 0 0
20 3 0 0
21 3 0 0
22 4 0 0
23 5 0 0
24 4 0 0
25 4 0 0
26 3 0 0
27 6 0 0
28 6 0 0
29 5 0 0
30 7 0 0
31 6 0 0
32 4 0 0
33 7 0 0
34 9 0 0
35 8 0 0
36 7 0 0
37 13 0 0
38 10 0 0
39 10 0 0
40 9 0 0
41 10 0 0
42 12 0 0
43 14 0 0
44 12 0 0
45 12 0 0
46 13 0 0
47 14 0 0
48 13 0 0
49 16 0 0
50 15 0 0
51 19 0 0
52 19 0 0
53 15 0 0
54 15 0 0
55 14 0 0
56 16 0 0
57 19 0 0
58 18 0 0
59 20 0 0
60 19 0 0
61 22 0 0
62 21 0 0
63 19 0 0
64 19 0 0
65 20 0 0
66 24 0 0
67 21 0 0
68 22 0 0
69 24 0 0
70 24 0 0
71 21 0 0
72 20 0 0
73 21 0 0
74 23 0 0
75 23 0 0
76 23 0 0
77 23 0 0
78 20 0 0
79 21 0 0
80 22 0 0
81 24 0 0
82 22 0 0
83 24 0 0
84 24 0 0
85 24 0 0
86 24 0 0
87 22 0 0
88 19 0 0
89 22 0 0
90 24 0 0
91 25 0 0
92 22 0 0
93 24 0 0
94 25 0 0
95 24 0 0
96 23 0 0
97 23 0 0
98 25 0 0
99 24 0 0
100 24 0 0
101 22 0 0
102 22 0 0
103 19 0 0
104 20 0 0
105 21 0 0
106 23 0 0
107 22 0 0
108 21 0 0
109 22 0 0
110 22 0 0
111 23 0 0
112 20 0 0
113 21 0 0
114 23 0 1
115 24 0 1
116 21 0 0
117 21 0 1
118 21 0 1
119 21 0 1
120 21 0 1
121 22 0 1
122 20 0 1
123 22 0 1
124 25 0 1
125 23 0 1
126 23 0 1
127 22 0 1
128 20 0 1
129 22 0 1
130 20 0 1
131 21 0 1
132 20 0 1
133 21 0 1
134 20 0 1
135 21 0 1
136 22 0 1
137 21 0 1
138 20 0 1
139 20 0 1
140 19 0 1
141 21 0 1
142 22 0 1
143 21 0 1
144 22 0 1
145 21 0 1
146 19 0 1
147 19 0 1
148 21 0 1
149 20 0 1
150 19 0 1
151 21 0 1
152 19 0 1
153 23 0 1
154 22 0 1
155 22 0 1
156 20 0 1
157 21 0 1
158 21 0 1
159 20 0 1
160 22 0 1
161 21 0 1
162 21 0 1
163 22 0 1
164 22 0 1
165 25 0 1
166 23 0 1
167 22 0 1
168 21 0 1
169 20 0 2
170 23 0 2
171 21 0 1
172 21 0 1
173 23 0 1
174 22 0 1
175 25 0 2
176 26 0 2
177 26 0 0
178 26 0 1
179 25 0 2
180 25 0 1
181 26 0 1
182 26 0 2
183 23 0 2
184 22 0 2
185 24 0 2
186 25 0 2
187 26 0 1
188 26 0 2
189 24 0 2
190 26 0 1
191 26 0 1
192 23 0 1
193 26 0 2
194 26 0 2
195 26 0 2
196 26 0 2
197 26 0 1
198 26 0 0
199 26 0 2
200 25 0 2
201 26 0 2
202 26 0 1
203 25 0 1
204 26 0 1
205 25 0 2
206 25 0 2
207 24 0 1
208 21 0 2
209 21 0 2
210 21 0 1
211 28 0 2
212 28 0 2
213 29 0 1
214 29 0 2
215 31 0 1
216 30 0 2
217 26 0 1
218 28 0 1
219 25 0 3
220 29 0 2
221 28 0 3
222 25 0 3
223 27 0 3
224 26 0 3
225 27 0 3
226 24 0 3
227 24 0 2
228 21 0 2
229 21 0 3
230 18 0 3
231 27 0 3
232 26 0 3
233 28 0 2
234 28 0 2
235 28 0 3
236 29 0 2
237 28 0 2
238 26 0 3
239 27 0 3
240 24 0 3
241 27 0 3
242 28 0 2
243 28 0 3
244 28 0 3
245 24 1 3
246 24 0 1
247 27 1 3
248 26 0 2
249 26 1 1
250 26 1 3
251 25 1 4
252 29 0 3
253 27 1 2
254 27 0 1
255 27 1 2
256 27 1 3
257 28 1 3
258 29 1 2
259 26 1 2
260 25 1 4
261 27 1 3
262 28 1 2
263 28 1 3
264 29 1 4
265 27 1 3
266 27 1 3
267 28 1 3
268 29 1 3
269 26 1 2
270 26 1 4
271 30 1 4
272 31 1 3
273 26 1 3
274 28 1 3
275 25 1 4
276 25 1 4
277 24 1 2
278 25 1 2
279 24 1 2
280 25 1 4
281 25 1 3
282 27 1 2
283 27 1 3
284 24 1 3
285 28 1 2
286 30 1 4
287 31 1 3
288 28 0 3
289 27 0 3
290 28 0 4
291 30 1 3
292 29 0 3
293 28 0 3
294 28 0 4
295 30 0 2
296 31 0 3
297 32 0 4
298 30 0 4
299 31 1 4
300 31 0 5
301 31 1 4
302 29 0 2
303 28 1 3
304 26 0 4
305 26 1 5
306 28 1 4
307 27 1 4
308 28 1 4
309 27 1 3
310 27 1 4
311 30 1 4
312 30 1 4
313 30 1 3
314 30 1 3
315 30 1 5
316 31 1 3
317 31 1 4
318 26 0 3
319 32 1 4
320 32 0 3
321 32 0 4
322 28 0 3
323 27 0 3
324 31 0 4
325 31 1 3
326 32 1 5
327 31 1 5
328 31 1 5
329 30 1 6
330 30 1 5
331 28 1 4
332 27 1 4
333 27 1 4
334 30 1 6
335 28 1 5
336 24 1 4
337 27 1 5
338 28 1 6
339 31 1 5
340 35 1 5
341 32 0 5
342 32 0 6
343 31 0 6
344 28 0 5
345 31 1 5
346 33 0 5
347 33 0 6
348 30 0 6
349 31 0 3
350 29 0 5
351 30 0 6
352 29 0 5
353 29 0 4
354 30 1 4
355 32 0 6
356 33 0 6
357 34 0 5
358 32 0 4
359 30 0 5
360 31 0 6
361 34 1 4
362 35 0 5
363 36 0 5
364 34 2 6
365 32 2 6
366 30 1 5
367 27 2 5
368 29 2 6
369 31 1 6
370 30 0 5
371 30 1 5
372 32 0 5
373 28 0 5
374 28 0 4
375 29 1 6
376 28 0 6
377 24 0 4
378 30 1 6
379 31 1 5
380 31 1 6
381 32 1 6
382 36 0 5
383 37 0 4
384 37 1 4
385 38 1 6
386 38 2 6
387 35 1 5
388 35 1 4
389 33 1 3
390 29 2 4
391 30 3 5
392 27 1 5
393 28 1 5
394 29 1 5
395 33 2 4
396 34 1 3
397 32 1 5
398 36 2 4
399 35 0 3
400 36 0 4
