0 0 0 0
1 0 0 0
2 0 0 0
3 0 0 0
4 0 0 0
5 0 0 0
6 0 0 0
7 0 0 0
8 0 0 0
9 0 0 0
10 0 0 0
11 0 0 0
12 0 0 0
13 1 0 0
14 0 0 0
15 0 0 0
16 0 0 0
17 1 0 0
18 1 0 0
19 1 0 0
20 0 0 0
21 1 0 0
22 2 0 1
23 2 0 1
24 2 0 1
25 1 0 1
26 1 0 1
27 2 0 1
28 3 0 1
29 3 0 1
30 4 0 1
31 5 0 1
32 5 0 2
33 5 0 1
34 7 0 2
35 7 0 2
36 6 0 2
37 6 0 2
38 7 0 1
39 7 0 0
40 9 0 1
41 9 0 1
42 9 0 2
43 9 0 2
44 8 0 2
45 8 0 1
46 7 0 1
47 7 0 3
48 8 0 3
49 8 0 2
50 9 0 2
51 8 0 3
52 5 0 2
53 8 0 1
54 10 0 2
55 10 0 1
56 7 0 3
57 6 0 1
58 7 0 1
59 11 0 2
60 10 1 0
61 14 1 2
62 12 1 1
63 13 1 1
64 13 0 1
65 14 0 2
66 13 0 3
67 16 0 1
68 17 0 1
69 13 1 4
70 14 2 4
71 11 2 3
72 15 1 2
73 10 1 2
74 12 0 3
75 14 0 5
76 14 1 3
77 15 1 2
78 14 1 1
79 14 2 3
80 13 2 5
81 18 3 4
82 21 2 4
83 22 2 4
84 21 2 4
85 20 3 6
86 22 3 4
87 22 3 3
88 24 3 3
89 22 3 4
90 23 3 4
91 25 3 3
92 18 3 4
93 20 3 3
94 19 2 2
95 21 3 4
96 20 3 5
97 20 2 3
98 25 3 5
99 19 4 4
100 15 3 4
101 25 2 6
102 27 3 5
103 29 3 5
104 28 2 7
105 28 2 7
106 28 3 4
107 27 3 6
108 26 2 6
109 25 3 5
110 26 4 7
111 27 4 5
112 25 3 6
113 22 3 8
114 28 4 6
115 28 3 7
116 28 3 8
117 27 4 7
118 26 4 8
119 28 3 8
120 26 4 8
121 29 4 8
122 31 3 8
123 29 2 8
124 29 3 6
125 27 4 8
126 23 3 6
127 23 3 8
128 28 2 6
129 26 3 5
130 27 4 8
131 29 3 8
132 29 2 8
133 24 2 5
134 24 2 7
135 28 3 6
136 30 3 4
137 31 3 6
138 33 3 6
139 33 3 5
140 30 3 4
141 33 3 8
142 32 3 6
143 31 4 9
144 31 3 7
145 30 3 6
146 32 3 6
147 28 4 7
148 28 3 7
149 28 3 7
150 31 3 5
151 30 4 6
152 32 3 9
153 32 3 6
154 33 2 8
155 32 3 5
156 31 3 8
157 30 3 8
158 32 3 9
159 34 3 9
160 30 3 6
161 33 3 9
162 35 3 9
163 32 3 9
164 27 3 9
165 28 4 7
166 31 3 7
167 30 4 8
168 32 4 6
169 34 4 8
170 34 3 4
171 34 2 6
172 36 4 8
173 38 4 7
174 34 3 8
175 36 3 9
176 38 4 7
177 36 4 9
178 35 3 9
179 35 3 8
180 35 3 9
181 34 4 7
182 36 4 7
183 34 4 8
184 31 4 7
185 31 5 10
186 29 3 9
187 35 4 11
188 31 4 11
189 30 4 9
190 31 3 9
191 35 4 11
192 35 3 7
193 33 4 7
194 35 4 10
195 31 3 11
196 32 3 7
197 35 4 8
198 34 3 9
199 36 4 9
200 36 3 9
201 37 4 9
202 37 5 11
203 40 4 9
204 37 3 11
205 34 3 10
206 35 3 8
207 36 3 6
208 34 3 9
209 34 3 7
210 33 5 11
211 35 4 9
212 38 3 8
213 37 5 10
214 33 5 8
215 33 5 11
216 35 4 10
217 37 4 9
218 38 4 10
219 34 4 10
220 36 4 7
221 35 5 10
222 36 5 11
223 39 4 10
224 39 4 11
225 40 4 11
226 36 4 11
227 37 4 9
228 36 5 11
229 40 5 10
230 36 5 11
231 36 6 10
232 35 4 10
233 34 4 11
234 39 4 10
235 38 4 11
236 35 4 10
237 40 4 11
238 37 5 11
239 39 5 8
240 42 4 8
241 46 5 11
242 44 5 11
243 44 5 10
244 43 5 10
245 44 5 10
246 42 4 10
247 42 3 11
248 41 4 10
249 40 4 9
250 42 3 9
251 46 3 9
252 43 4 10
253 37 3 9
254 39 3 9
255 43 3 11
256 46 3 11
257 46 3 10
258 45 3 12
259 42 4 11
260 40 4 12
261 44 4 12
262 45 5 11
263 48 4 12
264 46 4 12
265 46 4 11
266 44 5 10
267 45 4 11
268 47 3 12
269 49 4 12
270 47 4 11
271 47 3 11
272 44 2 11
273 45 3 9
274 45 3 11
275 45 2 12
276 47 2 11
277 45 3 11
278 40 3 10
279 43 3 11
280 44 4 12
281 50 5 12
282 49 5 11
283 53 4 11
284 48 3 11
285 44 3 10
286 46 2 12
287 42 2 12
288 44 2 12
289 46 2 11
290 49 3 10
291 47 3 10
292 51 3 7
293 45 3 10
294 46 4 12
295 47 3 11
296 49 3 10
297 50 4 11
298 52 3 11
299 39 2 11
300 42 2 12
301 53 3 12
302 52 2 12
303 52 3 12
304 50 3 11
305 54 4 12
306 53 3 12
307 54 1 11
308 55 2 12
309 56 2 11
310 55 3 11
311 49 4 12
312 55 2 11
313 54 1 10
314 52 2 11
315 53 2 12
316 53 2 11
317 55 2 12
318 55 4 11
319 54 2 12
320 53 2 11
321 55 1 12
322 54 2 10
323 53 3 11
324 57 3 11
325 52 3 11
326 52 3 11
327 55 3 10
328 54 3 10
329 57 3 11
330 52 2 11
331 54 3 9
332 55 3 11
333 51 3 11
334 55 3 11
335 53 4 11
336 54 3 11
337 52 4 11
338 52 3 11
339 55 4 11
340 56 3 11
341 55 3 11
342 54 4 9
343 57 5 11
344 56 3 11
345 56 4 11
346 54 5 11
347 58 5 10
348 57 4 10
349 53 3 10
350 54 3 12
351 54 2 12
352 55 2 12
353 53 3 11
354 54 4 11
355 58 5 10
356 58 6 9
357 58 5 9
358 57 5 10
359 56 5 9
360 54 5 10
361 53 5 11
362 54 5 10
363 55 5 10
364 58 5 10
365 61 5 11
366 60 4 11
367 62 5 10
368 60 5 11
369 57 5 11
370 57 3 11
371 56 4 10
372 53 3 10
373 53 3 9
374 56 2 10
375 55 3 10
376 56 4 9
377 55 3 9
378 57 3 11
379 57 5 11
380 56 3 10
381 56 2 10
382 55 2 11
383 58 3 11
384 59 2 11
385 56 3 11
386 56 4 11
387 59 2 9
388 63 4 10
389 59 2 10
390 60 2 12
391 58 2 12
392 60 3 11
393 58 2 10
394 59 3 9
395 62 3 12
396 61 3 10
397 62 3 9
398 60 4 10
399 57 2 12
400 60 3 11
