0 0 0 0
1 0 0 0
2 0 0 0
3 0 0 0
4 0 0 0
5 0 0 0
6 0 0 0
7 0 0 0
8 0 0 0
9 0 0 0
10 0 0 0
11 0 0 0
12 0 0 0
13 0 0 0
14 0 0 0
15 0 0 0
16 1 0 0
17 2 0 0
18 2 0 0
19 1 0 0
20 2 0 0
21 3 0 0
22 3 0 0
23 5 0 0
24 4 0 0
25 5 0 0
26 7 0 0
27 5 0 0
28 6 0 0
29 6 0 0
30 7 0 0
31 7 0 0
32 7 0 0
33 5 0 0
34 8 0 0
35 8 0 0
36 5 0 0
37 6 0 0
38 9 0 0
39 8 0 0
40 6 0 0
41 7 0 0
42 8 0 0
43 8 0 0
44 8 0 0
45 9 0 0
46 8 0 0
47 8 0 0
48 7 0 0
49 10 0 0
50 11 0 0
51 12 0 0
52 12 0 0
53 13 0 0
54 12 0 0
55 13 0 0
56 14 0 0
57 13 0 0
58 12 0 0
59 15 0 0
60 16 0 0
61 15 0 0
62 14 0 0
63 13 0 0
64 15 0 0
65 15 0 0
66 12 0 0
67 13 0 0
68 14 0 0
69 15 0 0
70 15 0 0
71 16 0 0
72 15 0 0
73 16 0 0
74 17 0 0
75 17 0 0
76 15 0 0
77 16 0 0
78 16 0 0
79 13 0 0
80 15 0 0
81 18 0 0
82 17 0 0
83 18 0 0
84 18 0 0
85 19 0 0
86 16 0 0
87 17 0 0
88 17 0 0
89 18 0 0
90 17 0 0
91 17 0 0
92 20 0 0
93 19 0 0
94 20 0 0
95 19 0 0
96 19 0 0
97 19 0 0
98 20 0 0
99 20 0 0
100 18 0 0
101 18 0 0
102 16 0 0
103 16 0 0
104 16 0 0
105 17 0 0
106 17 0 0
107 18 0 0
108 19 0 0
109 18 0 0
110 18 0 0
111 19 0 0
112 19 0 0
113 19 0 0
114 18 0 0
115 18 0 0
116 18 0 0
117 18 0 0
118 19 0 0
119 20 0 0
120 21 0 0
121 19 0 0
122 18 0 0
123 18 0 0
124 19 0 0
125 21 0 0
126 21 0 0
127 20 0 0
128 18 0 0
129 18 0 0
130 18 0 0
131 20 0 0
132 20 0 0
133 20 0 0
134 19 0 0
135 21 0 0
136 19 0 0
137 20 0 0
138 19 0 0
139 18 0 0
140 18 0 0
141 20 0 0
142 19 0 0
143 17 0 0
144 17 0 0
145 16 0 0
146 17 0 0
147 17 0 0
148 19 0 0
149 21 0 0
150 22 0 0
151 22 0 0
152 21 0 0
153 21 0 0
154 19 0 0
155 16 0 0
156 17 0 0
157 18 0 0
158 20 0 0
159 21 0 0
160 21 0 0
161 19 0 0
162 21 0 0
163 20 0 0
164 19 0 0
165 17 0 0
166 17 0 0
167 16 0 0
168 16 0 0
169 15 0 0
170 15 0 0
171 17 0 0
172 19 0 0
173 20 0 0
174 18 0 0
175 17 0 0
176 17 0 0
177 19 0 0
178 19 0 0
179 18 0 0
180 17 0 0
181 16 0 0
182 15 0 0
183 13 0 0
184 13 0 0
185 13 0 0
186 16 0 0
187 16 0 0
188 14 0 0
189 14 0 0
190 17 0 0
191 18 0 0
192 18 0 0
193 15 0 0
194 16 0 0
195 19 0 0
196 20 0 0
197 19 0 0
198 15 0 0
199 17 0 0
200 18 0 0
201 18 0 0
202 15 0 0
203 17 0 0
204 17 0 0
205 16 0 0
206 18 0 0
207 18 0 0
208 18 0 0
209 16 0 0
210 18 0 0
211 19 0 0
212 20 0 0
213 20 0 0
214 18 0 0
215 20 0 0
216 18 0 0
217 19 0 0
218 19 0 0
219 22 0 0
220 21 0 0
221 20 0 0
222 21 0 0
223 19 0 0
224 19 0 0
225 20 0 0
226 20 0 0
227 20 0 0
228 19 0 0
229 19 0 0
230 18 0 0
231 19 0 0
232 17 0 0
233 19 0 0
234 18 0 0
235 19 0 0
236 20 0 0
237 20 0 0
238 20 1 0
239 20 0 0
240 19 0 0
241 17 0 0
242 18 0 0
243 18 0 0
244 18 0 0
245 19 0 0
246 17 0 0
247 15 0 0
248 17 0 0
249 17 0 0
250 17 0 0
251 18 0 0
252 20 0 0
253 20 0 0
254 20 0 0
255 20 0 0
256 19 0 0
257 21 0 0
258 21 0 0
259 20 0 0
260 21 0 0
261 21 0 0
262 19 0 0
263 20 0 0
264 21 0 0
265 22 0 0
266 21 0 0
267 18 0 0
268 17 0 0
269 18 0 0
270 20 0 0
271 19 0 0
272 19 0 0
273 19 0 0
274 19 0 0
275 21 0 0
276 21 0 0
277 21 0 0
278 20 0 0
279 17 0 0
280 19 0 0
281 19 0 0
282 19 0 0
283 17 0 0
284 15 0 0
285 16 0 0
286 14 0 0
287 14 0 0
288 13 0 0
289 14 0 0
290 17 0 0
291 18 0 0
292 19 0 0
293 20 0 0
294 21 0 0
295 21 0 0
296 21 0 0
297 20 0 0
298 20 0 0
299 18 0 0
300 17 0 0
301 18 0 0
302 19 0 0
303 17 0 0
304 19 0 0
305 20 1 0
306 19 0 0
307 20 0 0
308 21 0 0
309 19 0 0
310 18 0 0
311 19 0 0
312 19 0 0
313 18 0 0
314 18 0 0
315 20 1 0
316 20 0 0
317 20 0 0
318 20 0 0
319 20 0 0
320 21 0 0
321 20 0 0
322 19 0 0
323 18 0 0
324 17 0 0
325 19 0 0
326 20 0 0
327 19 0 0
328 18 0 0
329 20 0 0
330 20 0 0
331 18 0 0
332 21 0 0
333 20 0 0
334 19 0 0
335 19 0 0
336 20 0 0
337 18 0 0
338 20 0 0
339 20 0 0
340 17 0 0
341 18 0 0
342 20 0 0
343 18 0 0
344 19 0 0
345 19 0 0
346 20 0 0
347 22 0 0
348 21 0 0
349 18 0 0
350 19 0 0
351 17 0 0
352 16 0 0
353 18 0 0
354 18 0 0
355 19 0 0
356 20 0 0
357 21 0 0
358 21 0 0
359 21 0 0
360 21 0 0
361 23 0 0
362 21 0 0
363 19 0 0
364 17 0 1
365 19 0 1
366 21 0 0
367 21 0 0
368 20 0 1
369 22 0 0
370 22 0 0
371 22 0 0
372 23 0 0
373 20 0 0
374 23 0 0
375 19 0 0
376 19 0 1
377 19 0 1
378 20 0 1
379 16 0 0
380 16 0 1
381 18 0 1
382 15 0 1
383 21 0 1
384 22 0 1
385 23 0 1
386 24 0 1
387 23 0 1
388 25 0 1
389 23 0 1
390 23 0 1
391 24 0 1
392 24 0 1
393 26 0 1
394 27 0 1
395 24 0 1
396 22 0 1
397 21 0 1
398 20 1 1
399 19 0 1
400 19 0 1
