0 0 0 0
1 0 0 0
2 0 0 0
3 0 0 0
4 0 0 0
5 0 0 0
6 0 0 0
7 0 0 0
8 0 0 0
9 1 0 0
10 1 0 0
11 1 0 0
12 2 0 0
13 2 0 0
14 1 0 0
15 1 0 0
16 1 0 0
17 1 0 0
18 1 0 0
19 1 0 0
20 1 0 0
21 1 0 0
22 1 0 0
23 1 0 0
24 1 0 0
25 1 0 0
26 1 0 0
27 1 0 0
28 1 0 0
29 2 0 0
30 2 0 1
31 3 0 1
32 2 0 1
33 3 0 1
34 3 0 1
35 4 0 1
36 4 0 1
37 3 0 1
38 6 0 1
39 6 0 1
40 5 0 1
41 6 0 1
42 7 0 1
43 8 0 1
44 7 0 1
45 6 0 1
46 7 0 1
47 7 0 1
48 8 0 1
49 8 0 1
50 8 0 1
51 8 0 1
52 7 0 1
53 6 0 1
54 9 0 1
55 9 0 1
56 8 0 1
57 8 0 1
58 11 0 1
59 9 0 1
60 9 0 1
61 10 0 1
62 11 0 1
63 14 0 1
64 13 0 1
65 14 0 1
66 14 0 2
67 12 0 1
68 11 0 2
69 9 0 1
70 12 0 1
71 13 0 1
72 14 0 1
73 14 0 1
74 13 0 1
75 15 0 2
76 13 0 1
77 15 0 1
78 15 0 2
79 16 0 2
80 15 0 1
81 17 0 1
82 19 0 2
83 18 0 2
84 17 0 1
85 19 0 1
86 18 0 2
87 17 0 2
88 20 0 1
89 20 0 1
90 20 0 2
91 18 0 2
92 18 0 1
93 17 0 1
94 21 0 2
95 20 0 2
96 19 0 1
97 19 0 2
98 21 0 2
99 22 0 2
100 23 0 2
101 21 0 2
102 22 0 2
103 20 0 2
104 20 0 2
105 17 0 2
106 16 0 3
107 18 0 2
108 18 0 1
109 18 0 2
110 18 0 3
111 16 0 2
112 17 0 2
113 17 0 3
114 15 0 3
115 15 0 2
116 18 0 2
117 19 0 3
118 21 0 3
119 20 0 3
120 20 0 2
121 20 0 3
122 19 0 2
123 18 0 3
124 18 0 3
125 17 0 3
126 16 0 3
127 17 0 3
128 15 0 3
129 15 0 4
130 15 0 4
131 15 0 3
132 16 0 2
133 18 0 3
134 16 0 4
135 20 0 4
136 19 0 2
137 20 0 3
138 22 0 4
139 21 0 3
140 19 0 2
141 20 0 3
142 17 0 4
143 19 0 3
144 18 0 3
145 21 0 3
146 21 0 2
147 20 0 3
148 19 0 3
149 17 0 3
150 17 0 2
151 16 0 2
152 15 0 4
153 17 0 4
154 17 0 2
155 19 0 4
156 19 0 4
157 19 0 4
158 16 0 4
159 19 0 4
160 20 0 4
161 23 0 3
162 23 0 4
163 22 0 3
164 20 0 3
165 19 0 4
166 20 0 4
167 19 0 4
168 18 0 4
169 19 0 3
170 18 0 4
171 20 0 4
172 21 0 4
173 23 0 3
174 23 0 2
175 21 0 4
176 19 0 4
177 18 0 3
178 21 0 4
179 19 0 4
180 19 0 3
181 17 0 4
182 18 0 4
183 19 0 3
184 16 0 2
185 19 0 2
186 19 0 4
187 17 0 3
188 19 0 4
189 19 0 5
190 20 0 5
191 23 0 4
192 21 0 4
193 20 0 5
194 17 0 5
195 16 0 4
196 17 0 5
197 15 0 4
198 18 0 4
199 19 0 5
200 18 0 4
201 19 0 5
202 21 0 4
203 20 0 4
204 17 0 5
205 18 0 6
206 18 0 5
207 15 0 4
208 18 0 5
209 22 0 5
210 22 0 4
211 21 0 4
212 19 0 5
213 17 0 5
214 18 0 4
215 19 0 4
216 20 0 4
217 18 0 5
218 20 0 4
219 22 0 4
220 23 0 5
221 25 0 4
222 23 0 5
223 23 0 4
224 20 0 4
225 19 0 5
226 17 0 4
227 19 0 4
228 20 0 5
229 23 0 5
230 22 0 4
231 21 0 4
232 21 0 5
233 24 0 4
234 23 0 3
235 23 0 4
236 25 0 4
237 24 0 3
238 23 0 1
239 22 0 3
240 23 0 4
241 20 0 6
242 19 0 5
243 21 0 5
244 20 0 5
245 22 0 4
246 22 0 6
247 21 0 6
248 22 0 5
249 23 0 4
250 24 0 4
251 23 0 5
252 22 0 6
253 22 0 5
254 22 0 5
255 24 0 5
256 24 0 4
257 23 0 5
258 22 0 6
259 21 0 5
260 22 0 5
261 23 0 5
262 22 0 6
263 23 0 5
264 24 0 5
265 22 0 5
266 25 0 6
267 26 0 5
268 26 0 5
269 25 0 6
270 26 0 6
271 27 0 6
272 28 0 5
273 23 0 6
274 21 0 5
275 23 0 5
276 22 0 6
277 22 0 6
278 23 0 5
279 24 0 5
280 27 0 5
281 27 0 6
282 23 0 5
283 24 0 5
284 24 1 6
285 24 0 6
286 26 0 6
287 27 0 6
288 28 0 6
289 26 0 6
290 23 0 6
291 26 0 6
292 24 0 6
293 24 0 6
294 25 0 6
295 26 0 6
296 25 0 6
297 28 0 6
298 26 0 6
299 25 0 6
300 25 0 6
301 26 0 6
302 24 0 6
303 23 0 6
304 22 0 6
305 23 0 6
306 24 0 6
307 25 0 6
308 24 0 6
309 25 0 6
310 27 0 6
311 26 0 6
312 21 0 6
313 21 0 6
314 23 0 6
315 23 0 6
316 22 0 6
317 22 0 6
318 24 0 6
319 24 0 6
320 24 0 5
321 26 0 5
322 26 0 6
323 26 0 5
324 26 0 5
325 29 0 6
326 27 0 6
327 20 0 6
328 21 0 6
329 24 0 6
330 25 0 5
331 25 0 6
332 24 0 5
333 25 0 5
334 27 0 6
335 29 0 6
336 28 0 6
337 28 0 6
338 26 0 6
339 26 0 6
340 29 0 6
341 28 0 6
342 27 0 6
343 28 0 6
344 26 0 6
345 27 0 5
346 24 0 6
347 25 0 6
348 26 0 7
349 28 0 4
350 27 0 6
351 28 0 7
352 28 0 7
353 26 0 7
354 27 0 6
355 27 0 6
356 25 0 6
357 21 0 8
358 26 0 6
359 27 0 8
360 28 0 7
361 31 0 6
362 30 0 7
363 29 0 6
364 29 0 8
365 25 0 7
366 24 0 8
367 25 0 6
368 26 0 7
369 28 0 9
370 28 0 8
371 27 0 9
372 26 0 8
373 29 0 6
374 29 0 6
375 26 0 6
376 24 0 6
377 22 0 5
378 25 0 4
379 24 0 5
380 26 0 5
381 27 0 7
382 27 0 10
383 25 0 9
384 25 0 9
385 25 0 9
386 26 0 7
387 26 1 6
388 27 0 6
389 26 0 6
390 27 0 7
391 25 0 6
392 27 0 5
393 28 0 6
394 24 0 6
395 26 0 6
396 29 0 6
397 25 0 7
398 22 1 5
399 23 1 5
400 26 0 5
