0 0 0 0
1 0 0 0
2 0 0 0
3 0 0 0
4 0 0 0
5 0 0 0
6 0 0 0
7 0 0 0
8 1 0 0
9 1 0 0
10 1 0 0
11 2 0 0
12 2 0 0
13 1 0 0
14 0 0 0
15 0 0 0
16 2 0 0
17 2 0 0
18 3 0 0
19 3 0 0
20 4 0 0
21 6 0 0
22 7 0 0
23 8 0 0
24 8 0 0
25 8 0 0
26 9 0 0
27 13 0 0
28 12 0 0
29 10 0 0
30 10 0 0
31 13 0 0
32 12 0 0
33 12 0 0
34 12 0 0
35 12 0 0
36 12 0 0
37 12 0 0
38 12 0 0
39 10 0 0
40 9 0 0
41 12 0 0
42 14 0 0
43 15 0 0
44 16 0 0
45 16 0 0
46 17 0 0
47 20 0 0
48 19 0 0
49 20 0 0
50 20 0 0
51 20 0 0
52 19 0 0
53 15 0 0
54 18 0 0
55 19 0 0
56 19 0 0
57 21 0 0
58 20 0 0
59 16 0 0
60 20 0 0
61 22 0 0
62 21 0 0
63 23 0 0
64 20 0 0
65 22 0 0
66 21 0 0
67 21 0 0
68 22 0 0
69 22 0 0
70 23 0 0
71 22 0 0
72 21 0 0
73 21 0 0
74 20 0 0
75 22 0 0
76 23 0 0
77 21 0 0
78 21 0 0
79 22 0 0
80 24 0 0
81 23 0 0
82 23 0 0
83 21 0 0
84 24 0 0
85 24 0 0
86 23 0 0
87 19 0 0
88 21 0 0
89 23 0 0
90 25 0 0
91 25 0 0
92 25 0 0
93 24 0 0
94 21 0 0
95 20 0 0
96 21 0 0
97 23 0 0
98 21 0 0
99 21 0 0
100 24 0 0
101 23 0 0
102 22 0 0
103 21 0 0
104 21 0 0
105 23 0 0
106 22 0 0
107 21 0 0
108 21 0 0
109 21 0 0
110 19 0 0
111 19 0 0
112 20 0 0
113 21 0 0
114 20 0 0
115 20 0 0
116 20 0 0
117 21 0 0
118 22 0 0
119 24 0 0
120 25 0 0
121 24 0 0
122 22 0 0
123 22 0 0
124 21 0 0
125 22 0 0
126 20 0 0
127 20 0 0
128 20 0 0
129 22 0 0
130 23 0 0
131 21 0 0
132 21 0 0
133 22 0 0
134 22 0 0
135 20 0 0
136 18 0 0
137 19 0 0
138 19 0 0
139 18 0 0
140 18 0 0
141 19 0 0
142 20 1 0
143 20 1 0
144 18 1 0
145 18 1 0
146 19 1 0
147 20 1 0
148 21 1 0
149 20 1 0
150 21 1 0
151 23 1 0
152 23 1 0
153 25 1 0
154 23 1 0
155 26 1 0
156 23 1 0
157 21 1 0
158 22 1 0
159 23 1 0
160 22 1 0
161 22 1 0
162 25 1 0
163 23 1 0
164 25 1 0
165 25 1 0
166 25 2 0
167 21 2 0
168 21 2 0
169 23 2 0
170 23 2 0
171 25 2 0
172 25 2 0
173 25 2 0
174 26 2 0
175 26 2 0
176 26 2 0
177 28 2 0
178 27 2 0
179 27 2 0
180 27 2 0
181 27 2 1
182 27 2 0
183 27 1 0
184 26 2 1
185 25 2 0
186 26 2 1
187 24 2 1
188 26 2 1
189 25 2 1
190 21 2 1
191 24 2 1
192 24 2 1
193 27 2 1
194 27 2 1
195 27 2 1
196 26 2 0
197 27 2 1
198 28 2 0
199 28 2 1
200 22 2 1
201 25 2 1
202 26 2 1
203 26 2 1
204 28 2 1
205 24 2 1
206 25 2 1
207 26 2 1
208 25 2 1
209 26 2 1
210 26 2 1
211 27 2 0
212 28 2 1
213 27 2 1
214 26 2 1
215 26 2 1
216 26 2 0
217 25 2 1
218 25 2 0
219 25 2 1
220 26 2 1
221 30 2 1
222 31 2 1
223 31 2 1
224 32 2 1
225 32 2 1
226 31 2 1
227 32 2 1
228 31 2 1
229 33 2 1
230 31 2 1
231 32 2 1
232 31 2 1
233 30 2 1
234 31 2 1
235 28 2 1
236 30 2 1
237 30 2 1
238 30 2 1
239 31 2 1
240 31 2 1
241 30 2 2
242 27 2 2
243 28 2 1
244 30 2 1
245 30 2 1
246 31 2 2
247 32 2 2
248 29 2 1
249 31 2 1
250 32 2 2
251 30 2 2
252 29 2 1
253 30 2 2
254 31 2 2
255 29 2 2
256 27 2 1
257 29 2 2
258 30 2 2
259 30 2 2
260 32 3 2
261 32 3 2
262 33 3 1
263 32 2 2
264 33 2 2
265 32 2 1
266 32 2 2
267 32 2 2
268 34 2 1
269 35 3 2
270 32 2 2
271 30 2 2
272 29 2 2
273 29 2 2
274 28 2 2
275 29 2 2
276 32 2 2
277 33 2 2
278 35 2 2
279 30 2 2
280 33 2 2
281 33 2 2
282 32 2 2
283 32 2 2
284 31 2 2
285 30 2 1
286 33 2 2
287 34 2 2
288 35 2 1
289 36 2 2
290 33 2 2
291 35 2 2
292 35 2 1
293 34 2 2
294 35 2 2
295 34 2 1
296 33 2 2
297 32 2 3
298 32 2 2
299 33 2 2
300 34 2 2
301 34 2 2
302 34 2 2
303 34 2 2
304 34 2 3
305 36 2 2
306 36 2 2
307 35 2 3
308 36 2 3
309 35 2 3
310 34 2 3
311 37 2 2
312 35 2 3
313 35 2 3
314 37 2 3
315 38 2 3
316 35 2 3
317 37 2 3
318 35 2 3
319 37 2 3
320 37 2 3
321 34 2 3
322 35 2 3
323 34 2 3
324 33 2 3
325 35 2 3
326 37 2 2
327 35 2 3
328 34 2 3
329 34 2 3
330 35 2 2
331 32 2 3
332 31 2 3
333 35 2 3
334 32 2 3
335 29 2 3
336 31 2 3
337 33 2 3
338 34 2 3
339 31 2 3
340 31 2 3
341 30 2 3
342 29 2 3
343 30 2 2
344 26 2 2
345 26 2 4
346 27 2 2
347 33 2 3
348 33 2 4
349 36 2 3
350 37 2 3
351 36 2 4
352 36 2 4
353 36 2 4
354 35 2 4
355 36 2 4
356 37 2 4
357 36 2 4
358 35 2 4
359 35 2 4
360 35 2 4
361 35 2 4
362 36 2 4
363 35 2 4
364 34 2 4
365 33 2 5
366 34 2 4
367 32 2 5
368 32 2 5
369 33 2 5
370 33 2 5
371 33 2 4
372 33 2 5
373 32 2 5
374 32 2 4
375 34 2 5
376 34 2 4
377 33 2 5
378 35 2 5
379 35 2 5
380 36 2 5
381 36 2 5
382 36 2 5
383 35 2 4
384 37 2 5
385 34 2 5
386 36 2 5
387 35 2 5
388 35 2 4
389 35 2 5
390 34 2 5
391 36 2 4
392 34 2 5
393 34 2 3
394 35 2 2
395 37 2 4
396 36 2 4
397 34 2 3
398 34 2 5
399 38 2 5
400 40 2 4
