0 0 0 0
1 0 0 0
2 0 0 0
3 0 0 0
4 0 0 0
5 0 0 0
6 0 0 0
7 0 0 0
8 0 0 0
9 0 0 0
10 0 0 0
11 0 0 0
12 0 0 0
13 0 0 0
14 1 0 0
15 1 0 0
16 0 0 0
17 0 0 0
18 0 0 0
19 1 0 0
20 1 0 0
21 2 0 0
22 2 0 0
23 2 0 0
24 1 0 0
25 3 0 0
26 3 0 0
27 3 0 0
28 2 0 0
29 3 0 0
30 3 0 0
31 3 0 0
32 3 0 0
33 5 0 0
34 5 0 0
35 5 0 0
36 4 0 0
37 4 0 0
38 6 0 0
39 4 0 0
40 6 0 0
41 7 0 0
42 7 0 0
43 7 0 0
44 7 0 0
45 5 0 0
46 8 0 0
47 7 0 0
48 7 0 0
49 5 0 0
50 11 0 0
51 12 0 0
52 11 0 0
53 10 0 0
54 11 0 0
55 9 0 0
56 9 0 0
57 10 0 0
58 9 0 0
59 10 0 0
60 13 0 0
61 11 0 0
62 13 0 0
63 14 0 0
64 14 0 0
65 13 0 0
66 12 0 0
67 12 0 0
68 14 0 0
69 16 0 0
70 16 0 0
71 14 0 0
72 14 0 0
73 15 0 0
74 14 0 0
75 14 0 0
76 15 0 0
77 13 0 0
78 14 0 0
79 15 0 0
80 12 0 0
81 16 0 0
82 13 0 0
83 12 0 0
84 14 0 0
85 15 0 0
86 14 0 0
87 15 0 0
88 16 0 0
89 16 0 0
90 17 0 0
91 17 0 0
92 17 0 0
93 18 0 0
94 17 0 0
95 17 0 0
96 18 0 0
97 17 0 0
98 15 0 0
99 16 0 0
100 19 0 0
101 17 0 0
102 16 0 0
103 17 0 0
104 17 0 0
105 20 0 0
106 19 0 0
107 17 0 0
108 16 0 0
109 17 0 0
110 16 0 0
111 17 0 0
112 17 0 0
113 16 0 0
114 16 0 0
115 12 0 0
116 14 0 0
117 13 0 0
118 15 0 0
119 15 0 0
120 18 0 0
121 16 0 0
122 14 0 0
123 14 0 0
124 15 0 0
125 13 0 0
126 13 0 0
127 16 0 0
128 17 0 0
129 17 0 0
130 15 0 0
131 18 0 0
132 19 0 0
133 13 0 0
134 13 0 0
135 12 0 1
136 13 0 1
137 15 0 0
138 13 0 1
139 17 0 0
140 15 0 0
141 17 0 0
142 17 0 1
143 17 0 0
144 16 0 0
145 17 0 0
146 14 0 1
147 14 0 0
148 14 0 1
149 17 0 1
150 16 0 1
151 15 0 1
152 17 0 1
153 17 0 1
154 14 0 1
155 15 0 1
156 14 0 1
157 12 0 1
158 14 0 1
159 11 0 1
160 13 0 1
161 13 0 1
162 13 0 0
163 12 0 0
164 12 0 0
165 14 0 1
166 12 0 0
167 14 0 1
168 14 0 1
169 14 0 0
170 15 0 0
171 13 0 1
172 14 0 1
173 13 0 0
174 13 0 0
175 12 0 0
176 13 0 1
177 15 0 1
178 14 0 0
179 14 0 0
180 14 0 1
181 14 0 1
182 14 0 1
183 13 0 1
184 16 0 1
185 17 0 1
186 15 0 1
187 13 0 0
188 15 0 1
189 13 0 1
190 12 0 0
191 11 0 0
192 13 0 1
193 13 0 1
194 13 0 1
195 13 0 1
196 12 0 1
197 11 0 1
198 13 0 1
199 13 0 1
200 12 0 1
201 15 0 1
202 13 0 1
203 12 0 1
204 13 0 1
205 12 0 1
206 12 0 1
207 12 0 1
208 13 0 1
209 12 0 1
210 11 0 1
211 11 0 1
212 11 0 1
213 10 0 0
214 11 0 0
215 12 0 1
216 12 0 1
217 14 0 1
218 14 0 1
219 14 0 1
220 17 0 1
221 17 0 1
222 13 0 1
223 13 0 1
224 13 0 1
225 10 0 1
226 12 0 1
227 13 0 1
228 10 0 1
229 12 0 1
230 15 0 1
231 14 0 1
232 16 0 1
233 15 0 1
234 15 0 1
235 14 0 1
236 12 0 1
237 12 0 1
238 14 0 1
239 13 0 1
240 15 0 1
241 12 0 1
242 13 0 1
243 14 0 1
244 15 0 1
245 14 0 1
246 15 0 1
247 11 0 1
248 13 0 1
249 15 0 1
250 13 0 1
251 15 0 1
252 14 0 1
253 14 0 1
254 14 0 1
255 17 0 1
256 17 0 1
257 17 0 1
258 17 0 1
259 17 0 1
260 16 0 1
261 14 0 1
262 15 0 1
263 15 0 2
264 13 0 2
265 15 0 1
266 15 0 1
267 13 0 2
268 13 0 1
269 13 0 2
270 16 0 2
271 16 0 1
272 15 0 2
273 18 0 2
274 18 0 1
275 15 0 1
276 16 0 1
277 17 0 1
278 14 0 2
279 16 0 1
280 13 0 1
281 12 0 1
282 15 0 1
283 15 0 2
284 13 0 2
285 13 0 3
286 15 0 2
287 16 0 1
288 11 0 2
289 14 0 1
290 14 0 1
291 14 0 1
292 14 0 2
293 15 0 2
294 14 0 2
295 14 0 2
296 14 0 1
297 14 0 1
298 12 0 2
299 15 0 3
300 16 0 1
301 14 0 1
302 13 0 1
303 12 0 2
304 10 0 3
305 12 0 1
306 12 0 1
307 13 0 1
308 12 0 2
309 13 0 3
310 11 0 1
311 13 0 1
312 12 0 2
313 13 0 3
314 15 0 3
315 18 0 1
316 17 0 2
317 16 0 3
318 16 0 3
319 16 0 3
320 17 0 2
321 16 0 2
322 16 0 2
323 16 0 2
324 17 0 3
325 16 0 1
326 15 0 2
327 13 0 2
328 15 0 2
329 14 0 3
330 15 0 3
331 15 0 2
332 16 0 3
333 15 0 3
334 14 0 2
335 13 0 1
336 12 0 1
337 14 0 2
338 12 0 2
339 12 0 3
340 14 0 2
341 13 0 2
342 14 0 2
343 15 0 2
344 15 0 2
345 16 0 2
346 16 0 3
347 17 0 3
348 17 0 3
349 15 0 3
350 16 0 3
351 16 0 1
352 15 0 2
353 16 0 3
354 19 0 2
355 20 0 1
356 18 0 0
357 16 0 1
358 18 0 3
359 18 0 3
360 20 0 1
361 21 0 2
362 21 0 3
363 18 0 1
364 18 0 1
365 18 0 3
366 20 0 3
367 17 0 1
368 17 0 1
369 19 0 2
370 19 0 2
371 16 0 2
372 15 0 2
373 13 0 2
374 13 0 2
375 15 0 1
376 16 0 1
377 14 0 2
378 13 0 3
379 15 0 2
380 14 0 1
381 17 0 2
382 19 0 2
383 21 0 3
384 19 0 1
385 20 0 2
386 21 0 2
387 19 0 2
388 19 0 2
389 18 0 1
390 16 0 1
391 13 0 1
392 15 0 2
393 16 0 2
394 16 0 2
395 16 0 2
396 14 0 2
397 14 0 3
398 17 0 1
399 18 0 1
400 20 0 2
