0 0 0 0
1 0 0 0
2 0 0 0
3 0 0 0
4 0 0 0
5 0 0 0
6 0 0 0
7 0 0 0
8 0 0 0
9 0 0 0
10 0 0 0
11 0 0 0
12 0 0 0
13 0 0 0
14 0 0 0
15 0 0 0
16 0 0 0
17 1 0 0
18 2 0 0
19 2 0 0
20 1 0 0
21 1 0 0
22 2 0 0
23 2 0 0
24 1 0 0
25 2 0 0
26 3 0 0
27 4 0 0
28 4 0 1
29 3 0 0
30 4 0 1
31 5 0 1
32 5 0 0
33 7 0 0
34 4 0 1
35 5 0 0
36 4 0 0
37 5 0 0
38 6 0 0
39 8 0 0
40 6 0 0
41 6 0 0
42 9 0 0
43 8 0 1
44 9 0 0
45 8 0 1
46 10 0 0
47 11 0 1
48 10 0 0
49 11 0 0
50 11 0 1
51 10 0 1
52 9 0 1
53 12 0 1
54 12 0 1
55 12 0 1
56 12 0 1
57 12 0 1
58 11 0 0
59 13 0 1
60 13 0 1
61 15 0 0
62 15 0 0
63 16 0 1
64 14 0 1
65 16 0 1
66 16 0 1
67 16 0 1
68 14 0 1
69 13 0 1
70 14 0 1
71 15 0 1
72 15 0 1
73 16 0 1
74 15 0 1
75 19 0 0
76 18 0 0
77 15 0 1
78 15 0 0
79 11 0 0
80 12 0 0
81 16 0 1
82 17 0 1
83 18 0 1
84 19 0 0
85 21 0 1
86 16 0 1
87 20 0 1
88 18 0 1
89 21 0 1
90 21 0 1
91 19 0 1
92 17 0 1
93 20 0 1
94 20 0 1
95 19 0 1
96 18 0 1
97 21 0 1
98 21 0 1
99 21 0 1
100 19 0 1
101 19 0 1
102 18 0 1
103 17 0 1
104 17 0 1
105 18 0 1
106 18 0 1
107 20 0 1
108 19 0 1
109 18 0 1
110 18 0 1
111 20 0 1
112 22 0 1
113 21 0 1
114 20 0 1
115 19 0 1
116 20 0 1
117 18 0 1
118 19 0 1
119 17 0 1
120 17 0 1
121 19 0 1
122 18 0 1
123 17 0 1
124 17 0 1
125 17 0 1
126 14 0 1
127 13 0 1
128 15 0 1
129 17 0 1
130 18 0 0
131 17 0 0
132 18 0 1
133 19 0 1
134 19 0 1
135 20 0 1
136 22 0 1
137 21 0 1
138 22 0 0
139 20 0 0
140 20 0 0
141 20 0 1
142 18 0 1
143 19 0 1
144 18 0 1
145 20 0 1
146 20 0 1
147 22 0 1
148 21 0 1
149 22 0 1
150 18 0 1
151 18 0 1
152 20 0 1
153 21 0 1
154 20 0 1
155 21 0 1
156 21 0 1
157 19 0 1
158 20 0 1
159 20 0 0
160 18 0 1
161 16 0 1
162 17 0 1
163 19 0 1
164 21 0 0
165 21 0 1
166 22 0 1
167 22 0 1
168 21 0 1
169 19 0 0
170 20 0 1
171 19 0 0
172 17 0 0
173 18 0 0
174 18 0 1
175 19 0 0
176 17 0 1
177 16 0 0
178 14 0 1
179 16 0 1
180 17 0 1
181 18 0 1
182 21 0 1
183 22 0 1
184 20 0 1
185 21 0 1
186 18 0 1
187 19 0 1
188 18 0 1
189 18 0 1
190 19 0 1
191 20 0 1
192 20 0 1
193 19 0 1
194 17 0 0
195 17 0 0
196 17 0 2
197 19 0 0
198 18 0 0
199 17 0 1
200 17 0 0
201 17 0 1
202 19 0 1
203 21 0 1
204 21 0 0
205 20 0 0
206 18 0 2
207 19 0 0
208 17 0 0
209 20 0 2
210 19 0 1
211 22 0 2
212 21 0 2
213 20 0 2
214 19 0 1
215 18 0 0
216 20 0 2
217 23 0 2
218 22 0 2
219 20 0 2
220 21 0 1
221 22 0 2
222 22 0 2
223 22 0 2
224 18 0 2
225 18 0 1
226 20 0 2
227 19 0 1
228 21 0 2
229 21 0 2
230 21 0 3
231 19 0 2
232 16 0 2
233 15 0 3
234 15 0 2
235 18 0 2
236 18 0 2
237 18 0 3
238 16 0 3
239 16 0 2
240 18 0 3
241 19 0 1
242 21 0 3
243 18 0 1
244 20 0 2
245 20 0 2
246 20 0 2
247 20 0 3
248 19 0 1
249 19 0 1
250 21 0 2
251 20 0 3
252 18 0 2
253 17 0 2
254 19 0 3
255 17 0 2
256 18 0 2
257 16 0 2
258 22 0 1
259 21 0 2
260 20 0 2
261 22 0 2
262 21 0 3
263 24 0 2
264 24 0 2
265 25 0 2
266 25 0 3
267 21 0 2
268 21 0 2
269 18 0 2
270 17 0 2
271 18 0 2
272 20 0 2
273 19 0 3
274 19 0 2
275 15 0 3
276 14 0 3
277 15 0 2
278 17 0 2
279 22 0 2
280 22 0 2
281 22 0 3
282 22 0 2
283 22 0 2
284 19 0 3
285 18 0 3
286 18 0 2
287 20 0 2
288 18 0 1
289 17 0 0
290 17 0 1
291 19 0 3
292 17 0 1
293 18 0 1
294 19 0 1
295 19 0 1
296 19 0 1
297 20 0 2
298 16 0 3
299 16 0 2
300 19 0 1
301 19 0 3
302 19 0 2
303 20 0 2
304 21 0 2
305 19 0 2
306 21 0 2
307 22 0 3
308 23 0 3
309 23 0 2
310 21 0 1
311 21 0 2
312 22 0 2
313 20 0 2
314 21 0 3
315 22 0 2
316 20 0 3
317 22 0 3
318 22 0 3
319 22 0 2
320 20 0 3
321 18 0 2
322 19 0 1
323 19 0 3
324 17 0 3
325 18 0 1
326 15 0 2
327 17 0 1
328 19 0 2
329 19 0 3
330 20 0 3
331 23 0 3
332 23 0 3
333 22 0 2
334 18 0 2
335 18 0 2
336 18 0 3
337 22 0 1
338 20 0 1
339 20 0 2
340 18 0 3
341 19 0 2
342 23 0 1
343 23 0 4
344 23 0 4
345 22 0 2
346 23 0 1
347 24 0 2
348 21 0 3
349 18 0 4
350 19 0 3
351 20 0 2
352 20 0 3
353 21 0 3
354 23 0 3
355 23 0 2
356 24 0 3
357 22 0 3
358 19 0 2
359 19 0 3
360 20 0 4
361 19 0 3
362 19 0 3
363 23 0 2
364 24 0 3
365 25 0 3
366 26 0 3
367 26 0 3
368 24 0 3
369 27 0 2
370 25 0 4
371 24 0 4
372 23 0 2
373 22 0 3
374 21 0 4
375 21 0 3
376 26 0 2
377 28 0 3
378 26 0 4
379 26 0 3
380 26 0 4
381 26 0 3
382 23 0 3
383 22 0 4
384 25 0 3
385 26 0 2
386 24 0 4
387 23 0 4
388 21 0 2
389 23 0 3
390 23 0 3
391 25 0 3
392 25 0 2
393 24 0 2
394 22 0 2
395 24 0 3
396 25 0 2
397 25 0 4
398 24 0 4
399 23 0 3
400 26 0 3
