0 0 0 0
1 0 0 0
2 0 0 0
3 0 0 0
4 0 0 0
5 0 0 0
6 0 0 0
7 0 0 0
8 0 0 0
9 0 0 0
10 0 0 0
11 0 0 0
12 0 0 0
13 0 0 0
14 1 0 0
15 1 0 0
16 0 0 0
17 1 0 0
18 1 0 0
19 1 0 0
20 1 0 0
21 1 0 0
22 1 0 0
23 1 0 0
24 2 0 0
25 3 0 0
26 3 0 0
27 1 0 0
28 1 0 0
29 3 0 0
30 4 0 0
31 3 0 0
32 4 0 0
33 4 0 0
34 7 0 0
35 4 0 0
36 5 0 0
37 6 0 0
38 8 0 0
39 9 0 0
40 6 0 0
41 8 0 0
42 10 0 0
43 11 0 0
44 10 0 0
45 9 0 0
46 10 0 0
47 11 0 0
48 10 0 0
49 10 0 0
50 7 0 0
51 10 0 0
52 11 0 0
53 12 0 0
54 11 0 0
55 11 0 0
56 11 0 0
57 11 0 1
58 12 0 0
59 11 0 1
60 11 0 0
61 12 0 0
62 13 0 1
63 14 0 0
64 13 0 0
65 11 0 1
66 10 0 0
67 11 0 1
68 12 0 0
69 11 0 0
70 11 0 1
71 11 0 0
72 11 0 0
73 12 0 0
74 14 0 1
75 13 0 0
76 12 0 0
77 15 0 0
78 13 0 1
79 14 0 1
80 14 0 1
81 15 0 0
82 15 0 0
83 14 0 1
84 15 0 0
85 13 0 0
86 12 0 0
87 15 0 0
88 15 0 0
89 15 0 0
90 16 0 1
91 15 0 0
92 14 0 0
93 16 0 0
94 16 0 0
95 16 0 0
96 15 0 1
97 14 0 1
98 14 0 0
99 15 0 0
100 17 0 1
101 17 0 0
102 13 0 0
103 12 0 0
104 13 0 1
105 14 0 1
106 13 0 0
107 12 0 1
108 12 0 1
109 12 0 1
110 11 0 0
111 10 0 0
112 11 0 0
113 12 0 1
114 13 0 1
115 15 0 0
116 15 0 0
117 14 0 0
118 13 0 1
119 12 0 1
120 14 0 1
121 13 0 1
122 12 0 0
123 12 0 0
124 13 0 0
125 15 0 0
126 13 0 0
127 14 0 1
128 13 0 1
129 14 0 0
130 14 0 0
131 14 0 0
132 9 0 0
133 10 0 1
134 8 0 1
135 10 0 1
136 14 0 0
137 15 0 0
138 14 0 0
139 15 0 1
140 15 0 1
141 13 0 0
142 12 0 1
143 13 0 1
144 14 0 0
145 15 0 0
146 13 0 1
147 10 0 1
148 11 0 1
149 13 0 0
150 9 0 0
151 10 0 1
152 10 0 1
153 10 0 0
154 11 0 0
155 12 0 1
156 13 0 2
157 13 0 1
158 13 0 0
159 12 0 0
160 8 0 1
161 11 0 1
162 13 0 0
163 12 0 1
164 15 0 0
165 13 0 1
166 11 0 1
167 12 0 0
168 13 0 0
169 16 0 1
170 14 0 1
171 14 0 2
172 16 0 1
173 15 0 0
174 14 0 0
175 14 0 0
176 13 0 2
177 11 0 2
178 13 0 1
179 12 0 1
180 12 0 2
181 13 0 2
182 13 0 2
183 13 0 2
184 12 0 1
185 14 0 3
186 15 0 3
187 16 0 0
188 13 0 0
189 14 0 2
190 14 0 0
191 12 0 2
192 12 0 1
193 12 0 1
194 14 0 1
195 12 0 2
196 15 0 2
197 14 0 2
198 14 0 1
199 14 0 1
200 13 0 1
201 16 0 0
202 16 0 1
203 15 0 2
204 16 0 2
205 14 0 2
206 14 0 2
207 13 0 2
208 13 0 0
209 13 0 0
210 14 0 2
211 14 0 1
212 13 0 0
213 15 0 0
214 15 0 0
215 16 0 2
216 17 0 0
217 17 0 0
218 17 0 3
219 16 0 2
220 15 0 0
221 13 0 0
222 12 0 0
223 13 0 3
224 13 0 2
225 13 0 1
226 12 0 1
227 11 0 2
228 13 0 3
229 12 0 3
230 12 0 1
231 15 0 2
232 14 0 2
233 16 0 1
234 17 0 2
235 17 0 1
236 16 0 2
237 15 0 3
238 14 0 1
239 12 0 2
240 14 0 0
241 13 0 1
242 12 0 1
243 12 0 2
244 11 0 1
245 10 0 2
246 13 0 2
247 14 0 3
248 14 0 2
249 14 0 1
250 13 0 3
251 14 0 1
252 15 0 0
253 11 0 1
254 11 0 3
255 14 0 2
256 14 0 2
257 16 0 2
258 14 0 1
259 14 0 2
260 12 0 1
261 13 0 3
262 12 0 2
263 12 0 0
264 15 0 1
265 15 0 2
266 15 0 1
267 17 0 2
268 16 0 1
269 15 0 2
270 14 0 1
271 11 0 2
272 10 0 2
273 10 0 2
274 10 0 2
275 11 0 3
276 11 0 1
277 11 0 0
278 14 0 0
279 14 0 0
280 16 0 1
281 15 0 2
282 14 0 2
283 14 0 2
284 13 0 1
285 14 0 0
286 12 0 3
287 13 0 1
288 12 0 1
289 11 0 2
290 12 0 2
291 12 0 1
292 12 0 2
293 12 0 2
294 10 0 2
295 10 0 0
296 12 0 1
297 11 0 3
298 11 0 2
299 11 0 0
300 12 0 1
301 13 0 1
302 12 0 1
303 10 0 1
304 7 0 2
305 9 0 2
306 9 0 1
307 9 0 1
308 10 0 2
309 12 0 3
310 13 0 1
311 13 0 0
312 15 0 1
313 16 0 4
314 14 0 3
315 17 0 0
316 14 0 1
317 14 0 2
318 14 0 3
319 13 0 1
320 11 0 3
321 13 0 3
322 15 0 4
323 12 0 4
324 13 0 3
325 13 0 2
326 13 0 3
327 14 0 5
328 15 0 2
329 16 0 3
330 17 0 3
331 15 0 4
332 13 0 1
333 13 0 2
334 14 0 3
335 15 0 2
336 12 0 1
337 11 0 4
338 12 0 2
339 14 0 1
340 17 0 2
341 17 0 4
342 16 0 5
343 15 0 2
344 17 0 2
345 17 0 3
346 17 0 4
347 18 0 3
348 17 0 2
349 18 0 2
350 16 0 4
351 12 0 3
352 17 0 2
353 16 0 2
354 18 0 2
355 18 0 3
356 16 0 3
357 14 0 2
358 16 0 3
359 15 0 4
360 15 0 3
361 17 0 2
362 15 0 2
363 16 0 3
364 16 0 2
365 17 0 2
366 18 0 3
367 13 0 2
368 13 0 1
369 14 0 1
370 16 0 2
371 19 0 4
372 18 0 4
373 16 0 3
374 17 0 3
375 19 0 4
376 18 0 2
377 18 0 2
378 16 0 2
379 16 0 3
380 17 0 5
381 18 0 4
382 19 0 3
383 19 0 3
384 20 0 3
385 20 0 3
386 19 0 3
387 17 0 4
388 19 0 5
389 19 0 1
390 22 0 2
391 20 0 1
392 18 0 3
393 20 0 3
394 18 0 3
395 17 0 3
396 19 0 3
397 20 0 6
398 19 0 4
399 20 0 2
400 20 0 3
