0 0 0 0
1 0 0 0
2 0 0 0
3 0 0 0
4 0 0 0
5 0 0 0
6 0 0 0
7 0 0 0
8 0 0 0
9 0 0 0
10 0 0 0
11 0 0 0
12 0 0 0
13 1 0 0
14 1 0 0
15 1 0 0
16 1 0 0
17 1 0 0
18 1 0 0
19 1 0 0
20 2 0 0
21 1 0 0
22 1 0 0
23 1 0 0
24 2 0 0
25 3 0 0
26 3 0 0
27 4 0 1
28 3 0 1
29 1 0 0
30 2 0 2
31 4 0 2
32 3 0 2
33 6 0 2
34 4 0 1
35 8 0 1
36 11 0 1
37 14 0 0
38 12 0 2
39 5 0 1
40 9 0 1
41 12 0 1
42 15 0 0
43 14 0 0
44 14 0 0
45 11 0 0
46 11 0 0
47 16 0 1
48 18 0 2
49 12 0 0
50 14 0 2
51 13 0 1
52 12 0 1
53 11 0 1
54 13 0 1
55 7 0 2
56 14 1 2
57 14 1 2
58 12 2 1
59 14 1 1
60 18 1 1
61 21 1 4
62 23 1 6
63 21 1 5
64 23 1 2
65 26 1 5
66 27 1 6
67 29 1 6
68 30 1 4
69 27 2 4
70 29 1 4
71 25 1 3
72 29 1 4
73 29 1 2
74 27 1 3
75 21 1 3
76 24 1 3
77 26 1 3
78 28 0 4
79 30 0 3
80 25 0 3
81 30 1 4
82 32 0 3
83 33 1 3
84 34 0 3
85 35 0 4
86 29 0 5
87 26 0 7
88 28 1 3
89 28 1 3
90 31 0 3
91 24 0 3
92 28 3 4
93 25 1 4
94 25 1 1
95 27 1 4
96 26 0 4
97 24 0 3
98 27 1 4
99 28 1 4
100 26 1 3
101 32 1 4
102 28 1 3
103 29 1 2
104 33 1 3
105 32 1 4
106 35 2 5
107 37 2 4
108 33 3 5
109 32 1 5
110 31 1 4
111 30 1 4
112 28 2 5
113 30 0 3
114 33 0 3
115 31 1 3
116 28 0 4
117 31 1 4
118 32 1 4
119 29 0 3
120 29 0 3
121 37 0 8
122 35 1 7
123 36 0 6
124 37 0 7
125 36 0 8
126 39 1 7
127 38 2 8
128 37 1 8
129 39 2 9
130 36 1 7
131 38 2 9
132 38 1 8
133 38 1 8
134 35 2 9
135 36 2 9
136 34 1 5
137 36 1 8
138 37 2 9
139 38 2 9
140 41 1 9
141 47 1 7
142 43 1 8
143 43 4 8
144 42 5 6
145 47 4 8
146 45 2 8
147 48 3 7
148 46 3 7
149 43 2 6
150 46 2 8
151 42 4 8
152 41 3 7
153 41 3 8
154 43 4 7
155 42 4 8
156 36 4 5
157 36 4 6
158 41 4 8
159 40 2 6
160 43 2 8
161 48 2 8
162 47 2 8
163 45 3 9
164 47 2 9
165 48 2 9
166 49 2 9
167 46 1 9
168 46 1 9
169 49 2 8
170 46 2 8
171 48 2 9
172 46 1 9
173 46 2 9
174 44 1 9
175 48 1 9
176 42 2 9
177 43 2 9
178 47 2 9
179 48 3 8
180 48 3 7
181 51 3 9
182 51 4 9
183 50 3 10
184 51 4 10
185 51 4 10
186 51 3 10
187 50 3 9
188 49 2 10
189 48 2 9
190 48 3 7
191 46 2 7
192 45 4 8
193 47 3 7
194 48 2 7
195 50 2 8
196 44 5 10
197 46 4 9
198 50 3 7
199 55 4 11
200 54 2 7
201 53 2 11
202 49 4 11
203 50 2 9
204 51 3 9
205 47 3 9
206 49 3 10
207 52 3 10
208 51 3 10
209 49 1 11
210 49 3 11
211 50 3 11
212 54 1 11
213 53 1 10
214 55 3 8
215 52 1 10
216 50 3 10
217 55 2 11
218 54 2 11
219 54 3 12
220 57 1 11
221 57 1 9
222 58 3 8
223 55 1 11
224 51 1 8
225 53 4 9
226 52 3 11
227 55 3 10
228 55 3 10
229 57 2 10
230 53 3 9
231 57 3 9
232 55 2 10
233 51 2 8
234 55 3 8
235 59 3 8
236 58 3 9
237 55 3 9
238 54 3 8
239 59 2 8
240 50 2 8
241 60 2 9
242 59 2 10
243 57 2 9
244 56 2 11
245 57 2 10
246 56 2 9
247 56 1 9
248 55 1 9
249 50 5 11
250 50 2 11
251 52 2 10
252 59 2 11
253 61 1 11
254 63 1 10
255 65 4 10
256 61 2 6
257 60 2 10
258 65 3 10
259 60 2 10
260 60 3 10
261 60 3 8
262 59 3 10
263 58 4 10
264 56 3 10
265 57 4 9
266 54 3 10
267 55 4 11
268 49 3 9
269 54 2 8
270 55 3 10
271 56 2 7
272 58 4 6
273 56 5 8
274 55 5 9
275 58 3 9
276 60 3 9
277 60 4 11
278 59 3 11
279 60 3 11
280 63 3 10
281 59 3 10
282 60 4 7
283 57 4 10
284 56 3 9
285 54 3 10
286 54 4 9
287 54 4 7
288 58 3 7
289 57 4 8
290 58 5 10
291 57 4 8
292 55 3 8
293 56 5 8
294 57 6 8
295 58 4 10
296 59 3 9
297 55 4 8
298 56 3 10
299 60 3 6
300 62 3 10
301 63 4 8
302 59 3 7
303 60 4 10
304 62 5 8
305 60 5 7
306 61 5 7
307 60 3 8
308 62 4 9
309 60 4 9
310 60 4 7
311 57 5 8
312 55 4 8
313 56 4 10
314 58 3 10
315 59 3 8
316 61 3 7
317 61 4 9
318 62 3 7
319 57 3 6
320 59 4 6
321 60 3 8
322 63 5 7
323 61 4 8
324 60 3 6
325 60 4 6
326 56 6 6
327 57 4 6
328 59 4 8
329 58 5 6
330 63 4 7
331 58 3 10
332 62 4 7
333 61 4 6
334 61 4 9
335 56 3 6
336 62 4 7
337 59 3 6
338 58 2 7
339 59 6 8
340 61 2 7
341 62 2 8
342 65 3 9
343 61 4 7
344 61 4 7
345 60 4 7
346 58 4 8
347 59 3 7
348 61 3 7
349 56 3 8
350 54 4 8
351 56 3 8
352 55 2 8
353 58 2 8
354 59 3 7
355 56 2 8
356 57 4 9
357 60 3 7
358 60 3 7
359 58 4 8
360 56 3 8
361 58 5 9
362 59 5 7
363 59 4 7
364 62 2 7
365 60 3 7
366 60 3 7
367 60 3 7
368 60 2 7
369 60 3 7
370 57 4 7
371 57 3 7
372 58 4 9
373 60 4 8
374 59 3 7
375 58 3 7
376 58 6 7
377 59 4 9
378 59 3 9
379 56 4 9
380 57 4 9
381 59 4 9
382 60 3 8
383 59 3 8
384 59 3 8
385 58 3 9
386 59 4 8
387 58 4 8
388 55 4 7
389 53 3 8
390 56 4 9
391 60 6 9
392 60 5 9
393 59 4 9
394 60 4 9
395 57 4 9
396 54 4 8
397 60 4 8
398 58 5 9
399 58 3 9
400 57 4 9
