0 0 0 0
1 0 0 0
2 0 0 0
3 0 0 0
4 0 0 0
5 0 0 0
6 0 0 0
7 0 0 0
8 0 0 0
9 0 0 0
10 0 0 0
11 0 0 0
12 0 0 0
13 1 0 0
14 2 0 0
15 2 0 0
16 1 0 0
17 1 0 0
18 1 0 0
19 2 0 0
20 1 0 0
21 3 0 0
22 3 0 0
23 3 0 0
24 2 0 0
25 2 0 0
26 3 0 0
27 3 0 0
28 5 0 0
29 5 0 0
30 6 0 0
31 5 0 0
32 7 0 0
33 8 0 0
34 6 0 0
35 8 0 0
36 5 0 0
37 9 0 0
38 8 0 0
39 7 0 0
40 8 0 0
41 6 0 0
42 10 0 1
43 11 0 1
44 9 0 0
45 11 0 1
46 8 0 1
47 11 0 0
48 11 0 0
49 9 0 1
50 11 0 1
51 9 0 0
52 11 0 0
53 12 0 1
54 11 0 1
55 10 0 0
56 11 0 1
57 13 0 0
58 12 0 1
59 14 0 1
60 13 0 1
61 13 0 0
62 14 0 0
63 15 0 1
64 13 0 1
65 12 0 1
66 13 0 0
67 13 0 0
68 15 0 1
69 15 0 1
70 12 0 1
71 12 0 1
72 13 0 1
73 13 0 1
74 14 0 1
75 15 0 0
76 14 0 0
77 14 0 0
78 15 0 1
79 14 0 1
80 16 0 0
81 19 0 1
82 17 0 1
83 17 0 1
84 16 0 1
85 16 0 1
86 19 0 1
87 17 0 1
88 17 0 1
89 17 0 1
90 18 0 1
91 19 0 1
92 16 0 1
93 18 0 1
94 17 0 0
95 18 0 0
96 19 0 0
97 17 0 1
98 20 0 1
99 19 0 1
100 18 0 1
101 19 0 1
102 15 0 0
103 16 0 1
104 18 0 1
105 18 0 1
106 16 0 0
107 16 0 1
108 13 0 1
109 14 0 0
110 14 0 1
111 15 0 1
112 17 0 1
113 17 0 0
114 18 0 1
115 17 0 1
116 13 0 1
117 12 0 1
118 13 0 1
119 12 0 1
120 14 0 1
121 19 0 1
122 17 0 1
123 12 0 1
124 15 0 1
125 15 0 1
126 16 0 1
127 16 0 1
128 17 0 1
129 19 0 1
130 17 0 1
131 17 0 1
132 15 0 1
133 15 0 1
134 16 0 1
135 18 0 1
136 18 0 1
137 16 0 1
138 17 0 1
139 18 0 0
140 17 0 2
141 15 0 2
142 17 0 2
143 18 0 0
144 16 0 2
145 13 0 3
146 14 0 3
147 14 0 2
148 14 0 1
149 15 0 2
150 15 0 2
151 15 0 3
152 15 0 3
153 14 0 2
154 13 0 2
155 14 0 2
156 15 0 2
157 15 0 3
158 15 0 3
159 16 0 3
160 14 0 2
161 14 0 3
162 15 0 2
163 14 0 2
164 12 0 2
165 13 0 2
166 14 0 2
167 17 0 2
168 17 0 3
169 16 0 3
170 18 0 2
171 17 0 2
172 19 0 3
173 17 0 3
174 18 0 3
175 17 0 3
176 19 0 2
177 19 0 1
178 20 0 3
179 21 0 3
180 18 0 3
181 20 0 1
182 21 0 1
183 21 0 3
184 17 0 3
185 15 0 3
186 17 0 2
187 17 0 2
188 16 0 1
189 15 0 3
190 20 0 3
191 19 0 2
192 19 0 2
193 18 0 3
194 20 0 2
195 18 0 1
196 19 0 0
197 19 0 0
198 18 0 1
199 16 0 3
200 14 0 2
201 16 0 2
202 16 0 2
203 17 0 1
204 18 0 3
205 17 0 3
206 19 0 2
207 17 0 2
208 17 0 3
209 17 0 4
210 14 0 2
211 13 0 3
212 15 0 3
213 16 0 3
214 15 0 3
215 17 0 4
216 19 0 4
217 19 0 3
218 18 0 3
219 20 0 4
220 19 0 4
221 20 0 4
222 17 0 4
223 18 0 5
224 18 0 4
225 14 0 4
226 15 0 5
227 16 0 5
228 16 0 5
229 18 0 5
230 17 0 4
231 16 0 4
232 15 0 4
233 17 0 4
234 18 1 4
235 20 0 3
236 19 1 4
237 18 0 4
238 16 0 4
239 20 1 3
240 19 0 3
241 17 0 6
242 17 0 6
243 17 0 5
244 18 0 5
245 17 1 4
246 18 0 4
247 19 0 5
248 20 0 4
249 19 0 5
250 17 0 4
251 17 0 5
252 16 0 5
253 19 0 4
254 20 0 5
255 18 0 5
256 18 1 5
257 18 0 4
258 19 0 4
259 18 0 4
260 19 1 5
261 16 0 4
262 16 1 4
263 18 0 4
264 15 0 5
265 15 0 4
266 17 1 4
267 17 0 4
268 19 0 4
269 15 1 6
270 17 1 3
271 20 1 5
272 18 1 5
273 19 1 6
274 17 1 5
275 19 1 7
276 20 1 5
277 20 1 4
278 20 1 6
279 20 1 6
280 21 1 6
281 23 1 8
282 23 1 5
283 22 1 5
284 23 1 6
285 20 1 6
286 19 0 6
287 19 1 6
288 21 0 6
289 20 1 6
290 21 1 6
291 21 0 5
292 21 1 6
293 18 1 3
294 16 1 4
295 19 1 3
296 16 1 4
297 20 1 4
298 24 1 4
299 20 1 4
300 19 1 4
301 22 1 7
302 20 1 7
303 20 1 6
304 20 1 4
305 22 1 7
306 22 1 3
307 22 1 3
308 21 1 4
309 21 1 4
310 20 1 4
311 20 1 5
312 18 1 4
313 18 1 2
314 18 1 2
315 19 1 4
316 20 1 5
317 19 1 5
318 18 1 4
319 22 1 4
320 22 1 3
321 23 1 6
322 23 1 5
323 22 1 5
324 21 1 6
325 22 1 7
326 21 1 6
327 21 1 6
328 21 1 6
329 20 1 6
330 19 1 3
331 21 1 7
332 23 1 8
333 20 1 8
334 20 1 8
335 19 1 7
336 22 1 7
337 21 1 7
338 21 1 7
339 22 1 6
340 20 1 5
341 23 1 7
342 18 1 7
343 19 1 7
344 22 1 8
345 23 1 8
346 20 1 8
347 20 1 8
348 19 1 8
349 21 1 8
350 20 1 8
351 21 1 8
352 25 1 8
353 23 1 8
354 22 1 7
355 22 1 7
356 21 1 7
357 22 1 9
358 21 1 8
359 21 1 8
360 22 1 8
361 21 1 9
362 24 1 9
363 25 1 8
364 25 1 8
365 22 1 8
366 23 1 8
367 22 1 8
368 22 1 9
369 24 1 9
370 22 0 9
371 23 1 9
372 24 1 8
373 23 1 9
374 25 1 9
375 22 1 8
376 21 1 8
377 23 1 9
378 24 1 9
379 25 0 9
380 25 1 8
381 26 1 8
382 29 1 7
383 28 1 7
384 26 1 8
385 26 1 7
386 28 1 7
387 25 1 8
388 24 1 9
389 26 1 7
390 26 1 8
391 25 1 8
392 25 1 8
393 28 1 7
394 27 1 8
395 31 1 9
396 27 1 5
397 22 1 8
398 20 1 9
399 25 1 8
400 25 1 9
