0 0 0 0
1 0 0 0
2 0 0 0
3 0 0 0
4 0 0 0
5 0 0 0
6 0 0 0
7 0 0 0
8 0 0 0
9 0 0 0
10 0 0 0
11 0 0 0
12 0 0 0
13 0 0 0
14 0 0 0
15 1 0 0
16 1 0 0
17 2 0 0
18 2 0 0
19 1 0 0
20 2 0 0
21 2 0 0
22 4 0 0
23 3 0 0
24 0 0 0
25 2 0 0
26 4 0 0
27 5 0 0
28 4 0 0
29 5 0 0
30 4 0 0
31 4 0 0
32 5 0 0
33 5 0 0
34 6 0 0
35 6 0 0
36 4 0 0
37 6 0 0
38 8 0 0
39 8 0 0
40 8 0 0
41 9 0 0
42 11 0 0
43 11 0 0
44 11 0 0
45 11 0 0
46 10 0 0
47 11 0 0
48 11 0 0
49 11 0 0
50 12 0 0
51 10 0 0
52 11 0 0
53 10 0 0
54 10 0 0
55 13 0 0
56 12 0 0
57 9 0 0
58 11 0 0
59 11 0 0
60 12 0 0
61 13 0 0
62 11 0 0
63 13 0 0
64 14 0 0
65 12 0 0
66 9 0 0
67 10 0 0
68 13 0 0
69 13 0 0
70 14 0 0
71 11 0 0
72 14 0 0
73 14 0 0
74 12 0 0
75 12 0 0
76 14 0 0
77 12 0 0
78 11 0 0
79 12 0 0
80 12 0 0
81 14 0 0
82 14 0 0
83 17 0 0
84 16 0 0
85 15 0 0
86 16 0 0
87 15 0 0
88 15 0 0
89 13 0 0
90 12 0 0
91 14 0 0
92 14 0 0
93 15 0 0
94 15 0 0
95 16 0 0
96 14 0 0
97 16 0 0
98 14 0 0
99 16 0 0
100 15 0 0
101 16 0 0
102 15 0 0
103 15 0 0
104 14 0 0
105 14 0 0
106 12 0 0
107 12 0 0
108 12 0 0
109 11 0 0
110 12 0 0
111 13 0 0
112 12 0 0
113 11 0 0
114 11 0 0
115 11 0 0
116 13 0 0
117 13 0 0
118 13 0 0
119 11 0 0
120 12 0 0
121 10 0 0
122 13 0 0
123 12 0 0
124 11 0 0
125 12 0 0
126 12 0 0
127 12 0 0
128 13 0 0
129 13 0 0
130 13 0 0
131 13 0 0
132 10 0 0
133 10 0 0
134 10 0 0
135 14 0 0
136 13 0 0
137 11 0 0
138 9 0 0
139 10 0 0
140 10 0 0
141 9 0 0
142 10 0 0
143 10 0 0
144 10 0 0
145 11 0 0
146 10 0 0
147 10 0 0
148 8 0 0
149 10 0 0
150 11 0 0
151 12 0 0
152 10 0 0
153 11 0 0
154 14 0 0
155 11 0 0
156 11 0 0
157 13 0 0
158 13 0 0
159 12 0 0
160 13 0 0
161 14 0 0
162 10 0 0
163 12 0 0
164 12 0 0
165 10 0 0
166 9 0 0
167 11 0 0
168 11 0 0
169 10 0 0
170 10 0 0
171 10 0 0
172 11 0 0
173 13 0 0
174 14 0 0
175 13 0 0
176 12 0 0
177 11 0 1
178 11 0 0
179 10 0 0
180 9 0 0
181 12 0 0
182 13 0 1
183 15 0 0
184 14 0 0
185 13 0 0
186 13 0 0
187 12 0 1
188 14 0 0
189 11 0 0
190 13 0 1
191 13 0 0
192 14 0 0
193 11 0 1
194 11 0 0
195 13 0 0
196 10 0 1
197 13 0 1
198 13 0 1
199 11 0 0
200 12 0 1
201 12 0 1
202 14 0 0
203 15 0 0
204 16 0 1
205 15 0 1
206 15 0 0
207 12 0 0
208 12 0 0
209 11 0 1
210 10 0 1
211 12 0 0
212 15 0 0
213 14 0 1
214 17 0 1
215 16 0 0
216 13 0 0
217 13 0 1
218 12 0 1
219 12 0 0
220 9 0 1
221 9 0 1
222 12 0 0
223 13 0 0
224 14 0 0
225 15 0 1
226 16 0 1
227 17 0 0
228 18 0 0
229 16 0 1
230 16 0 1
231 15 0 0
232 16 0 0
233 15 0 0
234 15 0 0
235 15 0 1
236 13 0 0
237 15 0 0
238 14 0 0
239 13 0 0
240 11 0 0
241 8 0 1
242 11 0 1
243 12 0 0
244 13 0 1
245 14 0 1
246 13 0 1
247 16 0 1
248 14 0 1
249 12 0 1
250 13 0 0
251 14 0 0
252 14 0 0
253 13 0 0
254 13 0 0
255 12 0 0
256 12 0 0
257 12 0 1
258 14 0 1
259 14 0 0
260 14 0 0
261 12 0 1
262 11 0 1
263 12 0 0
264 14 0 0
265 15 0 1
266 14 0 1
267 15 0 1
268 12 0 1
269 10 0 0
270 12 0 0
271 14 0 1
272 13 0 1
273 13 0 0
274 14 0 0
275 12 0 1
276 11 0 0
277 13 0 0
278 13 0 1
279 12 0 1
280 13 0 0
281 14 0 1
282 14 0 1
283 14 0 0
284 12 0 1
285 11 0 0
286 11 0 0
287 9 0 1
288 13 0 1
289 15 0 1
290 15 0 1
291 15 0 1
292 14 0 1
293 14 0 0
294 14 0 1
295 13 0 0
296 13 0 1
297 14 0 1
298 13 0 0
299 12 0 0
300 15 0 1
301 14 0 0
302 13 0 0
303 11 0 1
304 10 0 0
305 11 0 1
306 12 0 1
307 13 0 1
308 12 0 1
309 14 0 1
310 14 0 1
311 12 0 0
312 11 0 0
313 14 0 1
314 15 0 0
315 12 0 1
316 10 0 1
317 10 0 0
318 11 0 0
319 10 0 0
320 11 0 1
321 11 0 1
322 12 0 1
323 13 0 1
324 13 0 1
325 11 0 1
326 11 0 1
327 8 0 0
328 7 0 0
329 7 0 1
330 8 0 1
331 10 0 0
332 11 0 1
333 14 0 1
334 14 0 1
335 16 0 1
336 15 0 1
337 15 0 1
338 15 0 0
339 14 0 0
340 12 0 0
341 12 0 1
342 10 0 1
343 8 0 0
344 11 0 1
345 16 0 1
346 16 0 0
347 16 0 1
348 15 0 1
349 15 0 1
350 15 0 1
351 16 0 1
352 15 0 1
353 13 0 1
354 16 0 0
355 15 0 0
356 16 0 0
357 16 0 0
358 14 0 0
359 13 0 1
360 14 0 0
361 14 0 0
362 15 0 1
363 13 0 1
364 13 0 0
365 13 0 0
366 14 0 0
367 13 0 1
368 11 0 1
369 10 0 1
370 12 0 1
371 15 0 1
372 14 0 1
373 19 0 1
374 17 0 1
375 15 0 1
376 14 0 1
377 15 0 1
378 14 0 1
379 16 0 1
380 19 0 1
381 16 0 1
382 16 0 1
383 16 0 1
384 12 0 1
385 13 0 1
386 16 0 1
387 16 0 1
388 13 0 1
389 12 0 1
390 15 0 1
391 12 0 1
392 14 0 1
393 15 0 1
394 17 0 1
395 18 0 1
396 15 0 1
397 15 0 1
398 18 0 1
399 16 0 1
400 16 0 1
