0 0 0 0
1 0 0 0
2 0 0 0
3 0 0 0
4 0 0 0
5 0 0 0
6 0 0 0
7 0 0 0
8 0 0 0
9 0 0 0
10 0 0 0
11 0 0 0
12 0 0 0
13 0 0 0
14 0 0 0
15 0 0 0
16 0 0 0
17 0 0 0
18 1 0 0
19 1 0 0
20 2 0 0
21 3 0 0
22 3 0 0
23 3 0 0
24 3 0 0
25 3 0 0
26 3 0 0
27 5 0 0
28 5 0 0
29 4 0 0
30 6 0 0
31 6 0 0
32 8 0 0
33 10 0 0
34 8 0 0
35 7 0 0
36 9 0 0
37 9 0 0
38 8 0 0
39 9 0 0
40 8 0 0
41 9 0 0
42 12 0 0
43 9 0 0
44 9 0 0
45 11 0 0
46 10 0 0
47 12 0 0
48 11 0 0
49 10 0 0
50 10 0 0
51 11 0 0
52 10 0 0
53 10 0 0
54 11 0 0
55 12 0 0
56 15 0 0
57 14 0 0
58 10 0 0
59 13 0 0
60 14 0 0
61 16 0 0
62 15 0 0
63 14 0 0
64 15 0 0
65 14 0 0
66 15 0 0
67 15 0 0
68 16 0 0
69 15 0 0
70 13 0 0
71 15 0 0
72 16 0 0
73 16 0 0
74 17 0 0
75 18 0 0
76 16 0 0
77 18 0 0
78 16 0 0
79 17 0 0
80 15 0 0
81 17 0 0
82 15 0 0
83 16 0 0
84 18 0 0
85 18 0 0
86 18 0 0
87 17 0 0
88 18 0 0
89 21 0 0
90 18 0 0
91 18 0 0
92 19 0 0
93 19 0 0
94 17 0 0
95 20 0 0
96 19 0 0
97 18 0 0
98 21 0 0
99 19 0 0
100 16 0 0
101 16 0 0
102 14 0 0
103 15 0 0
104 16 0 0
105 17 0 0
106 17 0 0
107 18 0 0
108 16 0 0
109 19 0 0
110 20 0 0
111 19 0 0
112 16 0 0
113 17 0 0
114 18 0 0
115 17 0 0
116 18 0 0
117 17 0 0
118 15 0 0
119 16 0 0
120 16 0 0
121 13 0 0
122 12 0 0
123 14 0 0
124 14 0 0
125 14 0 0
126 15 0 0
127 16 0 0
128 15 0 0
129 16 0 0
130 18 0 0
131 17 0 0
132 14 0 0
133 13 0 0
134 14 0 0
135 16 0 0
136 17 0 0
137 17 0 0
138 17 0 0
139 15 0 0
140 15 0 0
141 17 0 0
142 18 0 0
143 17 0 0
144 14 0 0
145 17 0 0
146 17 0 0
147 16 0 0
148 18 0 0
149 18 0 0
150 17 0 0
151 17 0 0
152 19 0 0
153 18 0 0
154 18 1 0
155 17 1 0
156 17 0 0
157 17 0 0
158 15 0 0
159 15 0 0
160 16 0 0
161 16 0 0
162 15 0 0
163 16 0 0
164 18 0 0
165 17 0 0
166 16 0 0
167 16 1 0
168 17 0 0
169 14 0 0
170 15 0 0
171 15 0 0
172 15 0 0
173 15 0 0
174 17 0 0
175 14 0 0
176 13 0 0
177 15 1 0
178 14 0 0
179 15 0 0
180 17 0 0
181 16 0 0
182 15 0 0
183 14 0 0
184 13 0 0
185 11 0 0
186 11 0 0
187 9 0 0
188 10 0 0
189 13 0 0
190 15 0 0
191 17 0 0
192 16 0 0
193 17 0 0
194 16 0 0
195 16 0 0
196 17 0 0
197 19 0 0
198 18 0 0
199 17 0 0
200 16 0 0
201 17 0 0
202 17 0 0
203 19 0 0
204 21 0 0
205 19 0 0
206 19 0 0
207 17 0 0
208 19 0 0
209 18 0 0
210 18 0 0
211 17 0 0
212 16 0 0
213 15 0 0
214 17 0 0
215 17 0 0
216 15 0 0
217 15 0 1
218 17 0 0
219 17 0 0
220 16 0 0
221 18 0 1
222 18 0 0
223 18 0 0
224 19 0 0
225 20 0 0
226 17 0 1
227 17 0 0
228 16 0 0
229 16 0 1
230 13 0 1
231 14 0 1
232 16 0 1
233 16 0 1
234 16 0 1
235 17 0 1
236 17 0 1
237 15 0 1
238 13 0 0
239 15 0 0
240 16 0 0
241 17 0 0
242 17 0 1
243 16 0 0
244 15 0 0
245 13 0 0
246 15 0 0
247 14 0 1
248 14 0 1
249 16 0 0
250 17 0 0
251 17 0 0
252 17 0 0
253 19 0 0
254 18 0 1
255 16 0 0
256 16 0 0
257 18 0 0
258 17 0 0
259 16 0 1
260 17 0 0
261 19 0 0
262 18 0 0
263 16 0 0
264 16 0 0
265 18 0 0
266 20 0 1
267 20 0 1
268 20 0 0
269 21 0 0
270 19 0 0
271 18 0 0
272 19 0 0
273 19 0 1
274 19 0 0
275 20 0 0
276 20 0 0
277 20 0 0
278 16 0 0
279 17 0 0
280 17 0 0
281 17 0 1
282 17 0 1
283 16 0 0
284 19 0 0
285 19 0 0
286 17 0 1
287 15 0 1
288 13 0 0
289 11 0 1
290 15 0 1
291 17 0 1
292 18 0 1
293 18 0 1
294 18 0 1
295 19 0 1
296 19 0 1
297 17 0 1
298 17 0 1
299 18 0 0
300 17 0 0
301 19 0 0
302 17 0 1
303 18 0 1
304 18 0 1
305 16 0 1
306 16 0 1
307 18 0 2
308 20 0 2
309 23 0 1
310 24 0 1
311 20 0 1
312 18 0 1
313 16 0 2
314 16 0 2
315 15 0 2
316 12 0 2
317 14 0 1
318 13 0 1
319 17 0 1
320 19 0 2
321 20 0 2
322 17 0 2
323 18 0 1
324 18 0 1
325 19 0 1
326 20 0 2
327 21 0 1
328 21 0 1
329 18 0 1
330 17 0 2
331 16 0 1
332 18 0 1
333 17 0 1
334 18 0 1
335 16 0 2
336 17 0 2
337 17 0 1
338 17 0 1
339 21 0 1
340 21 0 2
341 22 0 1
342 22 0 1
343 19 0 2
344 19 0 1
345 20 0 2
346 21 0 1
347 22 0 2
348 21 0 2
349 18 0 2
350 15 0 1
351 13 0 1
352 17 0 2
353 19 0 2
354 19 0 2
355 18 0 2
356 18 0 2
357 19 0 2
358 16 0 2
359 17 0 2
360 16 0 2
361 19 0 2
362 19 0 2
363 19 0 1
364 20 0 2
365 20 0 2
366 20 0 2
367 19 0 2
368 15 0 2
369 14 0 1
370 15 0 1
371 16 0 1
372 16 0 2
373 15 0 2
374 18 0 1
375 16 0 2
376 16 0 2
377 15 0 1
378 17 0 1
379 16 0 2
380 17 0 2
381 16 0 2
382 20 0 1
383 18 0 2
384 19 0 2
385 20 0 2
386 18 0 1
387 18 0 2
388 15 0 1
389 16 0 1
390 17 0 2
391 16 0 1
392 16 0 2
393 16 0 2
394 15 0 2
395 14 0 2
396 15 0 2
397 15 0 0
398 18 0 0
399 18 0 1
400 18 0 1
