0 0 0 0
1 0 0 0
2 0 0 0
3 0 0 0
4 0 0 0
5 0 0 0
6 0 0 0
7 0 0 0
8 0 0 0
9 1 0 0
10 1 0 0
11 2 0 0
12 1 0 0
13 1 0 0
14 1 0 0
15 2 0 0
16 3 0 0
17 4 0 0
18 3 0 0
19 3 0 0
20 2 0 0
21 4 0 0
22 4 0 0
23 5 0 0
24 5 0 0
25 4 0 0
26 4 0 0
27 4 0 0
28 4 0 0
29 4 0 0
30 6 0 0
31 7 0 0
32 8 0 1
33 9 0 0
34 7 0 1
35 5 0 1
36 5 0 0
37 5 0 1
38 9 0 0
39 7 0 1
40 11 0 1
41 10 0 2
42 13 0 1
43 14 0 1
44 13 0 2
45 13 0 1
46 13 0 1
47 13 0 1
48 14 0 1
49 18 0 2
50 16 0 1
51 15 0 1
52 13 0 1
53 13 0 0
54 15 0 1
55 15 0 1
56 14 0 0
57 13 0 0
58 15 0 0
59 16 0 0
60 18 0 1
61 17 0 1
62 18 0 1
63 17 0 2
64 17 0 1
65 17 0 1
66 19 0 1
67 23 0 2
68 21 0 2
69 22 0 2
70 19 0 3
71 20 0 3
72 22 0 3
73 22 0 2
74 20 0 2
75 22 0 3
76 21 0 3
77 21 0 3
78 20 0 3
79 19 0 3
80 21 0 3
81 24 0 3
82 23 0 3
83 24 0 3
84 23 0 3
85 24 0 3
86 24 0 3
87 23 0 3
88 24 0 3
89 26 0 2
90 25 0 3
91 26 0 3
92 26 0 3
93 21 0 3
94 27 0 3
95 26 0 3
96 26 0 3
97 25 0 3
98 29 0 3
99 29 0 3
100 27 0 3
101 27 0 3
102 27 0 3
103 26 0 3
104 27 0 2
105 26 0 3
106 24 0 2
107 22 0 3
108 22 0 3
109 23 0 3
110 28 0 3
111 28 0 3
112 28 0 3
113 24 0 2
114 22 0 3
115 23 0 2
116 23 0 2
117 24 0 1
118 23 0 2
119 26 0 2
120 24 0 3
121 24 0 3
122 24 0 3
123 28 0 2
124 28 0 2
125 25 0 3
126 26 0 3
127 25 0 3
128 24 0 2
129 23 0 3
130 24 0 3
131 23 0 2
132 24 0 3
133 21 0 2
134 21 0 2
135 21 0 2
136 24 0 1
137 25 0 1
138 28 0 3
139 27 0 1
140 26 0 3
141 29 0 1
142 26 0 3
143 23 0 3
144 24 0 3
145 26 0 3
146 26 0 3
147 25 0 2
148 24 0 2
149 21 0 3
150 20 0 3
151 22 0 3
152 23 0 2
153 23 0 3
154 25 0 3
155 26 0 3
156 24 0 3
157 24 0 3
158 24 0 2
159 25 0 2
160 23 0 3
161 26 0 3
162 26 0 3
163 26 0 3
164 25 0 3
165 24 0 1
166 21 0 1
167 21 0 2
168 20 0 3
169 21 0 2
170 21 0 3
171 22 0 3
172 24 0 2
173 24 0 3
174 24 0 3
175 27 0 3
176 27 0 3
177 27 0 2
178 27 0 2
179 25 0 3
180 25 0 3
181 25 0 3
182 25 0 3
183 24 0 3
184 22 0 3
185 22 0 3
186 24 0 3
187 25 0 3
188 24 0 3
189 24 0 3
190 26 0 2
191 27 0 2
192 26 0 2
193 24 0 2
194 25 0 3
195 27 0 3
196 25 0 3
197 24 0 3
198 24 1 3
199 24 0 2
200 23 0 3
201 25 0 2
202 20 1 3
203 23 0 3
204 23 0 3
205 24 0 3
206 25 0 3
207 24 1 2
208 27 0 3
209 28 0 3
210 26 0 3
211 24 0 3
212 25 0 3
213 26 0 3
214 26 0 4
215 27 0 4
216 27 0 4
217 25 0 3
218 26 0 3
219 29 1 4
220 27 0 3
221 29 0 4
222 27 0 4
223 27 1 4
224 28 1 4
225 29 1 4
226 26 1 4
227 27 0 4
228 29 0 4
229 30 1 4
230 30 1 3
231 33 1 3
232 33 1 4
233 31 0 4
234 29 1 4
235 29 1 4
236 25 0 4
237 22 1 3
238 22 0 3
239 20 0 4
240 28 1 4
241 28 0 4
242 26 0 4
243 28 0 3
244 27 1 4
245 29 0 3
246 28 1 4
247 30 0 4
248 30 1 4
249 27 1 4
250 27 1 4
251 27 0 4
252 31 1 4
253 33 0 4
254 31 1 4
255 30 0 3
256 30 0 3
257 30 0 4
258 29 0 3
259 33 1 4
260 32 1 4
261 30 1 4
262 29 0 4
263 29 0 4
264 30 0 4
265 33 1 3
266 32 0 4
267 31 0 3
268 30 0 3
269 31 0 4
270 31 0 4
271 31 1 4
272 30 0 4
273 29 1 4
274 27 0 4
275 31 0 4
276 31 0 4
277 28 1 4
278 30 0 4
279 32 0 4
280 33 0 3
281 32 1 4
282 31 1 4
283 32 0 4
284 32 0 4
285 31 0 4
286 30 1 4
287 31 0 3
288 30 0 4
289 29 0 4
290 29 1 4
291 28 1 4
292 31 0 4
293 32 0 4
294 34 1 4
295 31 0 4
296 31 0 4
297 32 0 3
298 34 0 3
299 29 0 4
300 31 0 3
301 32 0 4
302 32 0 4
303 32 0 4
304 30 0 4
305 31 0 4
306 31 0 3
307 29 0 4
308 29 0 4
309 32 0 4
310 33 1 4
311 33 0 3
312 34 0 4
313 32 1 4
314 31 0 3
315 30 0 3
316 30 0 3
317 30 0 4
318 32 2 4
319 30 1 3
320 30 0 4
321 33 1 4
322 32 1 4
323 33 0 4
324 33 1 4
325 32 2 4
326 30 0 4
327 28 0 4
328 32 1 4
329 33 0 4
330 33 1 4
331 32 1 4
332 32 2 4
333 34 0 4
334 31 0 4
335 31 0 4
336 29 1 4
337 29 1 4
338 29 1 4
339 31 0 3
340 29 0 3
341 27 0 5
342 26 0 5
343 28 2 5
344 31 1 5
345 34 0 4
346 33 0 5
347 32 0 5
348 34 0 4
349 34 1 5
350 33 0 4
351 34 0 5
352 33 1 5
353 33 0 5
354 32 0 4
355 32 2 4
356 27 0 4
357 32 1 4
358 30 1 3
359 33 3 3
360 31 1 4
361 32 2 5
362 31 1 5
363 34 2 5
364 32 2 5
365 34 2 5
366 35 2 5
367 34 1 5
368 32 2 5
369 35 0 4
370 33 2 5
371 35 3 5
372 36 0 6
373 33 0 6
374 36 2 6
375 35 2 6
376 37 1 6
377 35 3 5
378 34 2 5
379 33 1 5
380 32 1 6
381 33 3 6
382 33 1 5
383 32 1 5
384 34 1 7
385 36 2 6
386 39 3 4
387 33 1 5
388 33 3 6
389 37 2 4
390 32 3 6
391 35 2 7
392 34 1 7
393 34 1 5
394 34 2 7
395 33 2 6
396 32 1 7
397 30 0 6
398 36 2 7
399 38 0 7
400 33 0 5
