0 0 0 0
1 0 0 0
2 0 0 0
3 0 0 0
4 0 0 0
5 0 0 0
6 0 0 0
7 0 0 0
8 0 0 0
9 0 0 0
10 0 0 0
11 0 0 0
12 0 0 0
13 1 0 0
14 1 0 0
15 0 0 0
16 0 0 0
17 1 0 0
18 1 0 0
19 1 0 1
20 0 0 1
21 0 0 1
22 4 0 1
23 4 0 1
24 3 0 1
25 5 0 1
26 3 0 1
27 4 0 1
28 5 0 1
29 4 0 1
30 3 0 0
31 6 0 1
32 6 0 1
33 6 0 1
34 7 0 1
35 10 0 2
36 9 0 1
37 9 0 1
38 8 0 1
39 11 0 0
40 10 0 1
41 11 0 1
42 10 0 1
43 12 0 1
44 12 0 1
45 13 0 1
46 13 0 1
47 9 0 1
48 12 0 1
49 11 0 1
50 12 0 1
51 14 0 2
52 16 0 1
53 14 0 2
54 14 0 2
55 15 0 1
56 17 0 2
57 15 0 2
58 16 1 2
59 16 0 2
60 17 0 2
61 20 0 2
62 21 0 2
63 20 0 3
64 20 0 2
65 20 0 2
66 20 0 3
67 19 0 3
68 22 0 3
69 21 0 4
70 20 0 4
71 18 0 3
72 19 0 3
73 23 0 3
74 21 0 2
75 19 0 4
76 19 0 4
77 22 1 3
78 22 0 4
79 19 1 4
80 20 0 4
81 19 0 3
82 21 0 3
83 23 0 4
84 22 0 3
85 23 0 4
86 21 0 4
87 22 0 4
88 23 0 4
89 22 0 4
90 22 0 4
91 24 0 2
92 22 0 4
93 25 0 3
94 23 0 4
95 22 0 4
96 21 0 3
97 22 0 3
98 22 0 4
99 23 0 4
100 25 0 3
101 24 0 4
102 23 0 3
103 20 0 2
104 20 0 2
105 22 0 4
106 21 1 4
107 23 1 2
108 23 0 3
109 23 0 4
110 22 0 3
111 24 0 4
112 23 0 4
113 24 0 3
114 23 0 4
115 24 0 4
116 22 0 3
117 22 0 3
118 22 0 4
119 24 0 4
120 22 0 2
121 22 0 2
122 20 0 4
123 20 0 3
124 21 0 2
125 21 0 4
126 19 0 4
127 19 0 4
128 19 0 2
129 21 0 2
130 22 0 4
131 22 0 5
132 21 1 4
133 23 0 4
134 23 0 4
135 25 0 3
136 25 0 3
137 25 0 4
138 26 0 3
139 24 0 3
140 24 0 2
141 24 0 3
142 24 0 2
143 23 0 5
144 23 0 5
145 21 0 3
146 22 0 3
147 21 0 4
148 20 0 5
149 19 0 6
150 20 0 4
151 21 0 3
152 22 0 5
153 22 0 6
154 23 0 4
155 25 0 3
156 26 0 4
157 25 0 2
158 26 0 5
159 26 0 4
160 25 0 4
161 25 0 6
162 26 0 5
163 25 0 5
164 26 0 5
165 28 0 5
166 28 0 7
167 25 0 6
168 28 0 4
169 24 0 4
170 23 0 6
171 24 0 5
172 23 0 5
173 27 0 6
174 28 0 7
175 29 0 7
176 26 0 5
177 25 0 7
178 23 0 6
179 28 0 5
180 29 0 6
181 29 0 6
182 28 0 7
183 26 1 6
184 26 0 6
185 24 1 4
186 24 0 6
187 26 1 5
188 27 1 7
189 30 0 6
190 30 1 6
191 28 0 4
192 25 1 5
193 29 0 7
194 30 1 6
195 30 0 6
196 26 0 6
197 28 0 8
198 29 0 7
199 28 0 6
200 29 0 8
201 27 1 7
202 29 1 8
203 28 1 7
204 28 1 7
205 30 1 7
206 31 1 7
207 32 1 8
208 30 1 7
209 33 1 9
210 29 1 8
211 28 1 8
212 27 1 9
213 27 1 7
214 25 1 9
215 27 1 8
216 29 1 10
217 30 1 10
218 30 1 8
219 27 1 8
220 25 1 8
221 27 0 9
222 26 1 9
223 26 1 9
224 28 1 9
225 28 1 9
226 30 1 8
227 31 1 9
228 30 1 8
229 32 1 9
230 34 1 8
231 29 1 9
232 31 1 9
233 32 1 9
234 31 1 10
235 30 1 10
236 30 1 9
237 32 1 10
238 31 1 8
239 32 1 7
240 31 1 8
241 28 1 9
242 31 1 8
243 30 1 11
244 29 1 11
245 28 1 9
246 26 1 8
247 27 1 7
248 30 1 10
249 29 1 11
250 31 1 9
251 32 1 9
252 30 1 10
253 29 1 10
254 29 1 9
255 30 1 10
256 31 1 11
257 31 1 10
258 30 1 11
259 28 1 10
260 32 1 9
261 34 1 9
262 32 1 10
263 31 1 9
264 30 1 11
265 32 1 9
266 33 1 9
267 33 1 9
268 34 1 9
269 33 1 9
270 35 1 9
271 32 1 10
272 33 1 11
273 31 1 11
274 29 1 10
275 31 1 10
276 30 1 9
277 34 1 10
278 29 1 9
279 32 1 8
280 30 1 10
281 34 1 11
282 33 1 11
283 31 1 10
284 31 1 10
285 29 1 11
286 30 1 11
287 32 1 10
288 32 1 10
289 36 1 11
290 33 1 11
291 35 1 11
292 33 1 10
293 37 1 10
294 36 1 8
295 36 1 10
296 38 1 10
297 39 1 10
298 39 1 7
299 40 1 7
300 41 1 7
301 41 1 8
302 39 1 8
303 40 1 8
304 38 1 8
305 38 1 6
306 38 1 9
307 37 1 10
308 36 1 11
309 37 1 12
310 39 1 11
311 41 1 11
312 42 1 8
313 40 1 10
314 41 1 9
315 37 1 10
316 39 1 10
317 37 1 8
318 40 1 8
319 40 1 9
320 40 1 9
321 41 1 11
322 38 1 11
323 38 1 12
324 39 1 11
325 39 1 12
326 40 1 12
327 41 1 11
328 42 1 12
329 40 1 12
330 42 1 11
331 43 1 11
332 40 1 12
333 43 1 11
334 40 1 12
335 39 1 11
336 45 1 11
337 43 1 12
338 41 1 11
339 39 1 12
340 40 1 11
341 42 1 10
342 43 1 12
343 44 1 12
344 44 1 11
345 44 1 10
346 42 1 12
347 42 1 12
348 41 0 12
349 42 0 11
350 41 0 11
351 41 0 13
352 45 0 13
353 43 0 13
354 42 0 12
355 42 0 13
356 45 0 12
357 45 0 11
358 41 0 12
359 41 0 13
360 42 0 13
361 45 0 13
362 48 0 13
363 44 0 12
364 44 0 11
365 43 0 12
366 44 0 11
367 44 0 11
368 41 0 11
369 42 0 12
370 46 0 11
371 46 0 12
372 47 0 13
373 45 0 12
374 44 0 13
375 42 0 11
376 45 0 12
377 44 0 12
378 44 1 12
379 47 1 12
380 42 1 11
381 47 1 12
382 47 1 12
383 46 1 13
384 49 1 15
385 49 1 12
386 49 1 11
387 47 1 9
388 46 0 12
389 42 0 13
390 43 0 12
391 38 0 12
392 42 0 13
393 44 0 12
394 40 0 13
395 43 0 12
396 42 0 12
397 44 0 13
398 41 0 13
399 39 0 14
400 42 0 14
