0 0 0 0
1 0 0 0
2 0 0 0
3 0 0 0
4 0 0 0
5 0 0 0
6 0 0 0
7 0 0 0
8 0 0 0
9 0 0 0
10 0 0 0
11 0 0 0
12 0 0 0
13 1 0 0
14 2 0 0
15 1 0 0
16 1 0 0
17 2 0 0
18 2 0 0
19 2 0 0
20 5 0 1
21 4 0 0
22 5 0 0
23 5 0 1
24 3 0 1
25 4 0 0
26 3 0 1
27 6 0 0
28 7 0 0
29 5 0 0
30 6 0 0
31 9 0 0
32 8 0 1
33 11 0 1
34 10 0 1
35 9 0 1
36 10 0 1
37 13 0 1
38 11 0 1
39 8 0 1
40 9 0 1
41 12 0 1
42 15 0 1
43 14 0 1
44 15 0 0
45 12 0 1
46 12 0 1
47 15 0 1
48 12 0 1
49 12 0 1
50 13 0 1
51 12 0 0
52 13 0 1
53 11 0 1
54 12 0 1
55 14 0 1
56 15 0 1
57 14 0 1
58 14 0 1
59 15 0 1
60 17 0 1
61 15 0 1
62 16 0 1
63 16 0 1
64 20 0 1
65 16 0 0
66 18 0 1
67 17 0 1
68 18 0 1
69 18 0 1
70 17 0 1
71 19 0 1
72 18 0 1
73 19 0 1
74 16 0 1
75 17 0 1
76 16 0 1
77 17 0 1
78 21 0 0
79 22 0 0
80 20 0 0
81 22 0 1
82 23 0 1
83 22 0 1
84 22 0 1
85 21 0 1
86 21 0 1
87 19 0 1
88 22 0 1
89 24 0 0
90 22 0 1
91 21 0 1
92 21 0 1
93 23 0 0
94 23 0 1
95 25 0 1
96 25 0 1
97 26 0 1
98 24 0 0
99 24 0 1
100 21 0 1
101 21 0 0
102 19 0 1
103 20 0 1
104 21 0 0
105 19 0 0
106 18 0 1
107 20 0 1
108 20 0 0
109 22 0 1
110 22 0 1
111 21 0 0
112 20 0 1
113 20 0 1
114 20 0 1
115 18 0 1
116 20 0 1
117 22 0 1
118 21 0 1
119 20 0 1
120 21 0 1
121 21 0 0
122 22 0 1
123 22 0 1
124 23 0 0
125 21 0 1
126 20 0 1
127 20 0 1
128 20 0 1
129 20 0 1
130 21 0 1
131 21 0 1
132 22 0 1
133 23 0 0
134 22 0 0
135 20 0 1
136 20 0 1
137 22 0 1
138 20 0 1
139 19 0 1
140 18 0 0
141 21 0 1
142 24 0 1
143 22 0 0
144 24 0 1
145 22 0 1
146 20 0 1
147 21 0 1
148 21 0 1
149 22 0 1
150 21 0 1
151 20 0 1
152 23 0 1
153 22 0 0
154 20 0 1
155 21 0 1
156 21 0 1
157 21 0 1
158 21 0 1
159 21 0 1
160 21 0 1
161 22 0 0
162 22 0 0
163 22 0 1
164 25 0 1
165 25 0 0
166 24 0 1
167 23 0 1
168 22 0 0
169 21 0 1
170 23 0 1
171 26 0 1
172 25 0 0
173 23 0 1
174 22 0 2
175 22 1 1
176 22 0 0
177 22 0 1
178 25 0 1
179 25 0 1
180 24 0 2
181 22 1 1
182 21 1 1
183 24 1 2
184 26 1 2
185 22 1 2
186 22 1 2
187 21 1 1
188 20 1 2
189 23 1 2
190 21 1 1
191 16 1 1
192 19 1 1
193 20 1 2
194 20 1 2
195 19 1 0
196 19 1 0
197 20 1 2
198 21 1 2
199 21 1 2
200 23 1 2
201 23 1 1
202 24 1 1
203 23 1 3
204 20 1 2
205 21 1 1
206 23 1 3
207 22 1 3
208 23 1 1
209 22 1 2
210 24 1 2
211 21 1 2
212 21 1 4
213 24 1 4
214 24 1 2
215 25 1 2
216 25 1 3
217 25 1 2
218 25 1 3
219 25 1 2
220 28 1 3
221 28 1 3
222 27 1 2
223 27 1 2
224 25 1 3
225 26 1 2
226 26 1 2
227 24 1 3
228 25 1 3
229 24 1 3
230 25 0 3
231 25 1 3
232 22 1 2
233 22 1 1
234 24 1 4
235 24 1 4
236 23 1 4
237 23 1 4
238 24 1 4
239 22 1 4
240 20 1 4
241 22 1 3
242 19 1 5
243 22 1 4
244 22 1 3
245 19 1 4
246 21 1 2
247 21 1 4
248 24 1 4
249 22 1 4
250 23 1 5
251 26 1 4
252 25 1 5
253 27 1 4
254 27 1 5
255 27 1 5
256 23 1 5
257 23 1 4
258 24 1 4
259 24 1 3
260 26 1 3
261 25 1 4
262 25 1 3
263 23 1 3
264 25 1 4
265 25 1 4
266 23 1 5
267 23 1 5
268 24 1 3
269 23 1 4
270 23 1 5
271 23 1 5
272 22 1 5
273 27 1 5
274 27 1 5
275 26 1 5
276 25 1 5
277 25 1 4
278 27 1 4
279 27 1 4
280 27 1 5
281 27 1 5
282 25 1 4
283 25 1 4
284 28 1 5
285 30 1 4
286 29 1 5
287 28 1 4
288 28 1 4
289 29 1 5
290 29 1 5
291 31 1 5
292 31 1 5
293 29 1 4
294 26 1 4
295 26 1 4
296 29 1 5
297 31 1 5
298 31 1 5
299 30 1 4
300 28 1 5
301 29 1 5
302 28 1 5
303 28 1 5
304 29 1 5
305 28 1 5
306 27 1 4
307 27 1 4
308 27 1 4
309 27 1 4
310 27 1 3
311 27 1 5
312 26 1 5
313 25 1 5
314 24 1 5
315 25 1 5
316 26 1 5
317 27 1 5
318 28 1 5
319 27 1 5
320 27 1 5
321 26 1 5
322 28 1 5
323 28 1 4
324 27 1 5
325 26 1 4
326 26 0 3
327 26 0 4
328 26 1 5
329 26 0 5
330 27 1 5
331 28 1 5
332 29 1 5
333 29 1 5
334 29 1 5
335 28 1 6
336 27 1 6
337 26 1 5
338 27 1 4
339 28 0 5
340 29 1 6
341 27 1 5
342 27 1 7
343 23 1 6
344 27 1 6
345 31 1 6
346 30 1 6
347 29 1 7
348 28 1 6
349 29 1 5
350 31 1 4
351 29 1 6
352 28 1 4
353 27 1 5
354 26 0 3
355 27 1 5
356 29 1 7
357 27 1 7
358 29 1 8
359 28 1 8
360 27 1 7
361 30 1 8
362 30 1 7
363 30 1 6
364 30 0 6
365 29 1 8
366 30 1 7
367 29 1 6
368 32 1 7
369 31 1 8
370 31 1 7
371 31 1 8
372 28 1 7
373 24 1 7
374 26 1 8
375 30 1 7
376 29 1 8
377 30 1 4
378 30 1 6
379 32 1 7
380 34 1 9
381 33 1 7
382 33 1 6
383 33 1 6
384 30 1 7
385 31 1 7
386 30 0 6
387 29 0 6
388 30 0 8
389 31 1 7
390 29 1 7
391 31 1 8
392 33 1 9
393 34 1 9
394 30 1 7
395 34 1 8
396 34 1 8
397 32 1 9
398 33 1 8
399 33 1 7
400 33 1 7
