0 0 0 0
1 0 0 0
2 0 0 0
3 0 0 0
4 0 0 0
5 0 0 0
6 0 0 0
7 0 0 0
8 0 0 0
9 0 0 0
10 0 0 0
11 0 0 0
12 0 0 0
13 0 0 0
14 0 0 0
15 0 0 0
16 1 0 0
17 1 0 0
18 1 0 0
19 0 0 0
20 2 0 0
21 2 0 0
22 2 0 0
23 4 0 0
24 4 0 0
25 4 0 0
26 4 0 0
27 3 0 0
28 4 0 0
29 4 0 0
30 7 0 0
31 6 0 0
32 7 0 0
33 8 0 0
34 9 0 0
35 7 0 0
36 8 0 0
37 7 0 0
38 8 0 0
39 9 0 0
40 5 0 0
41 7 0 0
42 10 0 0
43 11 0 0
44 11 0 0
45 10 0 0
46 12 0 0
47 11 0 0
48 13 0 0
49 11 0 0
50 9 0 0
51 9 0 0
52 11 0 0
53 12 0 0
54 14 0 0
55 14 0 0
56 13 0 0
57 11 0 0
58 12 0 0
59 13 0 0
60 12 0 0
61 14 0 0
62 13 0 0
63 14 0 0
64 15 0 0
65 13 0 0
66 13 0 0
67 18 0 0
68 15 0 0
69 14 0 0
70 13 0 0
71 16 0 0
72 16 0 0
73 16 0 0
74 16 0 0
75 18 0 0
76 18 0 0
77 21 0 0
78 18 0 0
79 15 0 0
80 16 0 0
81 19 0 1
82 19 0 0
83 19 0 0
84 18 0 1
85 21 0 1
86 18 0 0
87 19 0 0
88 21 0 0
89 21 0 0
90 21 0 1
91 20 0 1
92 19 0 1
93 19 0 1
94 20 0 0
95 22 0 0
96 22 0 1
97 22 0 1
98 23 0 1
99 20 0 0
100 21 0 0
101 19 0 1
102 19 0 0
103 19 0 0
104 21 0 1
105 21 0 1
106 20 0 0
107 20 0 1
108 19 0 0
109 19 0 0
110 20 0 1
111 21 0 1
112 22 0 0
113 21 0 1
114 21 0 1
115 21 0 0
116 21 0 0
117 20 0 1
118 19 0 1
119 19 0 0
120 19 0 0
121 19 0 0
122 19 0 1
123 19 0 1
124 21 0 0
125 19 0 0
126 20 0 1
127 17 0 1
128 18 0 0
129 18 0 0
130 20 0 0
131 22 0 1
132 22 0 0
133 20 0 0
134 19 0 1
135 19 0 1
136 18 0 0
137 17 0 1
138 18 0 1
139 17 0 0
140 15 0 1
141 15 0 1
142 16 0 0
143 16 0 0
144 18 0 1
145 19 0 0
146 16 0 0
147 13 0 0
148 12 0 0
149 15 0 0
150 16 0 1
151 17 0 1
152 20 0 0
153 22 0 0
154 22 0 1
155 18 0 0
156 17 0 0
157 16 0 1
158 16 0 1
159 16 0 0
160 16 0 0
161 19 0 1
162 17 0 0
163 19 0 0
164 19 0 1
165 20 0 0
166 21 0 1
167 21 0 1
168 18 0 0
169 20 0 0
170 22 0 0
171 23 0 1
172 21 0 1
173 21 0 0
174 20 0 0
175 22 0 0
176 21 0 0
177 19 0 1
178 19 0 1
179 22 0 0
180 23 0 0
181 21 0 1
182 21 0 1
183 22 0 0
184 21 0 1
185 19 0 1
186 20 0 1
187 21 0 1
188 22 0 1
189 23 0 1
190 20 0 1
191 20 0 0
192 19 0 1
193 21 0 1
194 21 0 1
195 21 0 0
196 23 0 1
197 20 0 1
198 20 0 1
199 18 0 0
200 18 0 0
201 20 0 0
202 17 0 0
203 20 0 1
204 21 0 1
205 22 0 0
206 21 0 0
207 22 0 0
208 20 0 1
209 20 0 1
210 19 0 0
211 21 0 0
212 22 0 0
213 21 0 1
214 21 0 0
215 19 0 0
216 20 0 0
217 21 0 0
218 18 0 0
219 20 0 1
220 22 0 0
221 23 0 0
222 23 0 1
223 23 0 1
224 22 0 0
225 22 0 1
226 21 0 0
227 21 0 0
228 18 0 1
229 15 0 0
230 18 0 0
231 17 0 1
232 16 0 1
233 17 0 0
234 20 0 1
235 22 0 1
236 19 0 0
237 19 0 1
238 18 0 1
239 20 0 0
240 19 0 0
241 22 0 0
242 23 0 1
243 22 0 1
244 21 0 1
245 19 0 1
246 22 0 1
247 23 0 1
248 21 0 1
249 17 0 1
250 19 0 1
251 18 0 1
252 18 0 1
253 18 0 1
254 20 0 0
255 22 0 1
256 20 0 1
257 20 0 1
258 22 0 1
259 22 0 1
260 21 0 1
261 23 0 1
262 24 0 1
263 22 0 1
264 19 0 1
265 20 0 1
266 17 0 1
267 16 0 0
268 16 0 0
269 19 0 1
270 18 0 1
271 21 0 1
272 20 0 1
273 23 0 1
274 20 0 1
275 24 0 1
276 25 0 1
277 24 0 1
278 23 0 1
279 24 0 0
280 21 0 1
281 23 0 0
282 23 0 1
283 22 0 1
284 21 0 1
285 22 0 1
286 20 0 1
287 19 0 1
288 20 0 1
289 22 0 1
290 23 0 0
291 22 0 1
292 21 0 0
293 21 0 0
294 26 0 1
295 25 0 1
296 23 0 2
297 18 0 2
298 20 0 2
299 18 0 1
300 18 0 2
301 21 0 1
302 21 0 2
303 23 0 2
304 19 0 1
305 20 0 1
306 20 0 1
307 20 0 1
308 17 0 1
309 17 0 1
310 19 0 2
311 22 0 2
312 18 0 2
313 21 0 1
314 22 0 0
315 21 0 1
316 25 0 2
317 25 0 1
318 22 0 2
319 23 0 2
320 24 0 2
321 25 0 2
322 25 0 2
323 25 0 1
324 24 0 2
325 20 0 2
326 19 0 2
327 17 0 1
328 18 0 2
329 17 0 0
330 16 0 1
331 19 0 2
332 23 0 2
333 22 0 1
334 24 0 2
335 24 0 1
336 23 0 1
337 24 0 1
338 25 0 2
339 22 0 1
340 21 0 1
341 23 0 2
342 26 0 1
343 24 0 2
344 26 0 2
345 25 0 2
346 25 0 2
347 28 0 2
348 27 0 2
349 26 0 2
350 26 0 1
351 24 0 1
352 24 0 1
353 20 0 1
354 20 0 2
355 18 0 2
356 20 0 2
357 20 0 2
358 24 0 3
359 23 0 2
360 23 0 2
361 23 0 2
362 25 0 3
363 25 0 3
364 26 0 3
365 26 0 3
366 28 0 3
367 27 0 2
368 26 0 3
369 24 0 3
370 24 0 3
371 23 0 3
372 25 0 3
373 22 0 3
374 24 0 3
375 25 0 3
376 25 0 3
377 25 0 3
378 24 0 3
379 28 0 3
380 27 0 3
381 24 0 3
382 21 0 3
383 24 0 3
384 22 0 3
385 24 0 3
386 23 0 3
387 23 0 3
388 26 0 3
389 26 0 3
390 27 0 3
391 26 0 3
392 25 0 3
393 25 0 3
394 22 0 3
395 23 0 3
396 25 0 3
397 25 0 3
398 26 0 3
399 27 0 3
400 27 0 3
