0 0 0 0
1 0 0 0
2 0 0 0
3 0 0 0
4 0 0 0
5 0 0 0
6 0 0 0
7 0 0 0
8 0 0 0
9 0 0 0
10 0 0 0
11 0 0 0
12 0 0 0
13 1 0 0
14 1 0 0
15 1 0 0
16 0 0 1
17 0 0 1
18 1 0 0
19 2 0 0
20 2 0 1
21 2 0 1
22 2 0 1
23 4 0 1
24 4 0 1
25 3 0 1
26 5 0 1
27 4 0 1
28 4 0 1
29 5 0 0
30 6 0 1
31 5 0 0
32 5 0 1
33 6 0 0
34 8 0 0
35 8 0 1
36 9 0 0
37 9 0 1
38 6 0 1
39 7 0 1
40 8 0 1
41 10 0 0
42 8 0 1
43 10 0 1
44 9 0 0
45 10 0 0
46 10 0 1
47 10 0 1
48 12 0 0
49 9 0 1
50 8 0 1
51 12 0 0
52 10 0 0
53 9 0 1
54 10 0 1
55 12 0 0
56 10 0 0
57 9 0 1
58 10 0 0
59 14 0 0
60 14 0 1
61 15 0 1
62 13 0 0
63 15 0 0
64 13 0 1
65 14 0 1
66 15 0 1
67 12 0 0
68 13 0 1
69 14 0 1
70 15 0 1
71 14 0 0
72 13 0 0
73 14 0 1
74 13 0 1
75 15 0 1
76 14 0 1
77 14 0 1
78 16 0 1
79 15 0 1
80 16 0 1
81 15 0 1
82 16 0 0
83 14 0 1
84 16 0 1
85 15 0 1
86 16 0 1
87 14 0 0
88 14 0 1
89 15 0 1
90 16 0 1
91 18 0 1
92 16 0 2
93 17 0 1
94 16 0 0
95 17 0 1
96 17 0 1
97 17 0 1
98 18 0 2
99 18 0 2
100 17 0 2
101 16 0 0
102 16 0 0
103 16 0 0
104 14 0 1
105 16 0 0
106 16 0 1
107 16 0 2
108 14 0 0
109 12 0 0
110 12 0 2
111 13 0 2
112 14 0 1
113 14 0 0
114 14 0 1
115 13 0 1
116 11 0 0
117 11 0 2
118 14 0 2
119 14 0 0
120 16 0 1
121 17 0 1
122 17 0 2
123 16 0 1
124 13 0 0
125 12 0 2
126 14 0 2
127 13 0 1
128 14 0 2
129 13 0 2
130 14 0 2
131 15 0 2
132 14 0 2
133 15 0 1
134 14 0 2
135 14 0 2
136 14 0 2
137 16 0 1
138 16 0 1
139 13 0 2
140 15 0 2
141 14 0 2
142 12 0 2
143 11 0 2
144 13 0 2
145 14 0 2
146 14 0 2
147 14 0 2
148 14 0 2
149 13 0 2
150 13 0 2
151 15 0 2
152 11 0 2
153 11 0 2
154 12 0 2
155 12 0 2
156 12 0 2
157 11 0 1
158 11 0 1
159 12 0 0
160 13 0 2
161 16 0 2
162 14 0 1
163 14 0 3
164 13 0 1
165 13 0 0
166 13 0 3
167 14 0 1
168 15 0 2
169 14 0 2
170 15 0 2
171 17 0 1
172 17 0 3
173 20 0 2
174 15 0 2
175 16 0 2
176 15 0 1
177 12 0 3
178 12 0 3
179 12 0 3
180 16 0 2
181 16 0 2
182 15 0 4
183 14 0 3
184 12 0 2
185 14 0 2
186 12 0 2
187 12 0 4
188 12 0 2
189 13 0 1
190 14 0 2
191 13 0 4
192 11 0 4
193 12 0 1
194 19 0 2
195 19 0 3
196 21 0 3
197 20 0 2
198 17 0 1
199 16 0 2
200 17 0 1
201 15 0 4
202 15 0 3
203 18 0 1
204 17 0 0
205 15 0 4
206 15 0 3
207 11 0 1
208 14 0 1
209 14 0 3
210 15 0 4
211 13 0 2
212 13 0 1
213 16 0 3
214 16 0 4
215 16 0 2
216 15 0 3
217 14 0 3
218 11 0 3
219 12 0 3
220 15 0 4
221 15 0 3
222 17 0 3
223 17 0 1
224 19 0 2
225 18 0 2
226 17 0 3
227 13 0 2
228 11 0 2
229 11 0 3
230 14 0 3
231 14 0 2
232 14 0 4
233 15 0 2
234 15 0 2
235 18 0 2
236 16 0 3
237 16 0 3
238 16 0 3
239 17 0 3
240 15 0 3
241 13 0 2
242 13 0 1
243 12 0 1
244 13 0 4
245 12 0 4
246 14 0 1
247 12 0 1
248 12 0 3
249 12 0 2
250 15 0 1
251 14 0 3
252 13 0 3
253 12 0 1
254 11 0 2
255 13 0 4
256 16 0 5
257 18 0 5
258 14 0 2
259 14 0 3
260 17 0 4
261 19 0 3
262 20 0 4
263 17 0 2
264 16 0 3
265 17 0 4
266 18 0 1
267 17 0 3
268 16 0 5
269 16 0 5
270 18 0 3
271 16 0 5
272 16 0 5
273 17 0 5
274 17 0 3
275 14 0 5
276 17 0 5
277 16 0 5
278 18 0 5
279 20 0 2
280 19 0 4
281 16 0 6
282 18 0 3
283 16 0 3
284 18 0 4
285 17 0 2
286 16 0 4
287 18 0 5
288 19 0 4
289 17 0 6
290 17 0 5
291 17 0 4
292 18 0 2
293 15 0 5
294 16 0 6
295 18 0 4
296 19 0 4
297 19 0 5
298 16 0 6
299 16 0 5
300 10 0 4
301 13 0 4
302 16 0 4
303 17 0 5
304 16 0 4
305 17 0 4
306 17 0 4
307 20 0 5
308 19 0 5
309 18 0 5
310 16 0 6
311 17 0 6
312 17 0 2
313 15 0 3
314 20 0 5
315 19 0 5
316 20 0 6
317 19 0 4
318 18 0 6
319 17 0 7
320 19 0 7
321 19 0 6
322 20 0 4
323 19 0 6
324 21 0 7
325 17 0 4
326 16 0 5
327 18 0 7
328 18 0 7
329 19 0 4
330 17 0 4
331 19 0 6
332 19 0 7
333 19 0 4
334 23 0 5
335 22 0 7
336 22 0 6
337 24 0 4
338 24 0 7
339 22 0 7
340 19 0 7
341 19 0 7
342 20 0 7
343 18 0 6
344 18 0 5
345 19 0 6
346 21 0 6
347 22 0 7
348 24 0 4
349 21 0 5
350 21 0 7
351 21 0 7
352 21 0 6
353 21 0 7
354 19 0 6
355 19 0 8
356 23 0 5
357 20 0 4
358 19 0 7
359 20 0 7
360 19 0 4
361 19 0 5
362 17 0 6
363 16 0 7
364 18 0 6
365 19 0 3
366 20 0 7
367 16 0 7
368 14 0 7
369 18 0 5
370 18 0 4
371 18 0 6
372 16 0 8
373 15 0 6
374 17 0 5
375 19 0 5
376 20 0 6
377 22 0 7
378 20 0 5
379 19 0 5
380 18 0 6
381 18 0 8
382 15 0 7
383 16 0 5
384 16 0 4
385 16 0 7
386 19 0 7
387 19 0 6
388 18 0 6
389 16 0 8
390 20 0 8
391 21 0 7
392 20 0 6
393 18 0 8
394 18 0 8
395 17 0 7
396 15 0 6
397 18 0 7
398 19 0 7
399 16 0 6
400 20 0 5
