0 0 0 0
1 0 0 0
2 0 0 0
3 0 0 0
4 0 0 0
5 0 0 0
6 0 0 0
7 0 0 0
8 0 0 0
9 0 0 0
10 0 0 0
11 0 0 0
12 0 0 0
13 0 0 0
14 0 0 0
15 1 0 0
16 1 0 0
17 2 0 0
18 2 0 0
19 2 0 0
20 3 0 0
21 2 0 0
22 3 0 0
23 3 0 0
24 2 0 0
25 3 0 0
26 3 0 1
27 4 0 0
28 4 0 1
29 3 0 1
30 3 0 0
31 4 0 1
32 4 0 1
33 5 0 0
34 4 0 0
35 4 0 0
36 4 0 0
37 4 0 1
38 5 0 0
39 3 0 1
40 2 0 0
41 4 0 1
42 5 0 0
43 5 0 1
44 3 0 0
45 5 0 1
46 8 0 0
47 9 0 0
48 5 0 0
49 6 0 1
50 6 0 0
51 6 0 0
52 6 0 1
53 9 0 1
54 9 0 1
55 8 0 1
56 9 0 1
57 8 0 0
58 8 0 0
59 7 0 0
60 7 0 1
61 9 0 0
62 10 0 1
63 11 0 0
64 11 0 0
65 9 0 1
66 9 0 0
67 12 0 0
68 10 0 1
69 11 0 0
70 9 0 0
71 10 0 1
72 12 0 1
73 11 0 0
74 8 0 1
75 9 0 1
76 11 0 0
77 10 0 1
78 12 0 1
79 12 0 0
80 11 0 0
81 11 0 0
82 12 0 0
83 13 0 0
84 13 0 0
85 13 0 0
86 13 0 1
87 14 0 0
88 13 0 1
89 11 0 1
90 13 0 0
91 12 0 0
92 13 0 1
93 12 0 0
94 14 0 0
95 13 0 1
96 14 0 1
97 13 0 0
98 12 0 0
99 12 0 1
100 15 0 1
101 14 0 1
102 12 0 1
103 12 0 1
104 11 0 0
105 12 0 0
106 11 0 0
107 10 0 0
108 11 0 0
109 11 0 1
110 13 0 1
111 14 0 0
112 13 0 0
113 13 0 0
114 13 0 1
115 14 0 1
116 13 0 0
117 13 0 0
118 10 0 0
119 9 0 1
120 9 0 0
121 8 0 0
122 9 0 0
123 9 0 0
124 9 0 1
125 9 0 1
126 11 0 0
127 11 0 0
128 10 0 1
129 9 0 1
130 11 0 0
131 12 0 0
132 11 0 0
133 12 0 0
134 12 0 1
135 10 0 1
136 9 0 0
137 8 0 0
138 10 0 0
139 12 0 1
140 10 0 1
141 9 0 0
142 10 0 0
143 6 0 0
144 9 0 1
145 8 0 1
146 9 0 0
147 10 0 1
148 11 0 1
149 11 0 0
150 9 0 0
151 9 0 0
152 11 0 1
153 12 0 1
154 12 0 0
155 12 0 0
156 12 0 1
157 13 0 1
158 11 0 1
159 11 0 1
160 9 0 1
161 11 0 1
162 12 0 0
163 12 0 0
164 11 0 1
165 10 0 1
166 13 0 0
167 14 0 1
168 13 0 1
169 12 0 1
170 11 0 1
171 12 0 0
172 11 0 1
173 9 0 1
174 9 0 1
175 10 0 1
176 11 0 1
177 11 0 1
178 10 0 2
179 10 0 0
180 9 0 1
181 12 0 1
182 13 0 0
183 14 0 0
184 14 0 2
185 14 0 1
186 14 0 0
187 13 0 1
188 12 0 1
189 13 0 0
190 12 0 1
191 14 0 1
192 12 0 1
193 13 0 0
194 13 0 1
195 11 0 2
196 9 0 1
197 10 0 0
198 12 0 0
199 11 0 0
200 14 0 0
201 15 0 0
202 12 0 0
203 11 0 0
204 7 0 1
205 13 0 1
206 12 0 1
207 14 0 2
208 15 0 1
209 14 0 2
210 12 0 1
211 10 0 0
212 12 0 2
213 12 0 2
214 12 0 2
215 11 0 2
216 12 0 2
217 13 0 1
218 9 0 1
219 11 0 1
220 11 0 2
221 11 0 2
222 12 0 2
223 13 0 2
224 13 0 2
225 13 0 2
226 11 0 2
227 12 0 2
228 15 0 2
229 15 0 1
230 14 0 2
231 14 0 2
232 13 0 2
233 13 0 2
234 14 0 2
235 13 0 2
236 14 0 2
237 14 0 2
238 14 0 2
239 14 0 2
240 15 0 2
241 13 0 2
242 13 0 2
243 13 0 2
244 13 0 2
245 14 0 2
246 15 0 1
247 16 0 2
248 15 0 2
249 15 0 1
250 14 0 1
251 16 0 2
252 16 0 2
253 15 0 1
254 15 0 1
255 17 0 1
256 17 0 2
257 15 0 1
258 15 0 1
259 14 0 2
260 15 0 2
261 15 0 2
262 16 0 2
263 14 0 1
264 14 0 1
265 15 0 2
266 13 0 1
267 11 0 1
268 13 0 2
269 14 0 3
270 16 0 3
271 17 0 3
272 13 0 2
273 14 0 2
274 16 0 2
275 14 0 2
276 15 0 3
277 15 0 0
278 14 0 1
279 13 0 1
280 13 0 1
281 14 0 3
282 11 0 2
283 12 0 2
284 15 0 3
285 13 0 1
286 16 0 0
287 14 0 0
288 13 0 3
289 13 0 3
290 11 0 2
291 12 0 2
292 14 0 2
293 17 0 2
294 15 0 2
295 16 0 3
296 15 0 3
297 16 0 2
298 15 0 2
299 16 0 3
300 17 0 2
301 17 0 1
302 15 0 4
303 14 0 3
304 17 0 2
305 13 0 2
306 13 0 3
307 15 0 2
308 17 0 1
309 15 0 3
310 16 0 1
311 18 0 1
312 14 0 4
313 14 0 2
314 15 0 0
315 15 0 4
316 14 0 4
317 15 0 2
318 13 0 4
319 12 0 3
320 13 0 4
321 14 0 3
322 13 0 1
323 13 0 2
324 13 0 2
325 15 0 3
326 14 0 3
327 16 0 3
328 17 0 4
329 18 0 3
330 19 0 3
331 17 0 2
332 19 0 4
333 16 0 3
334 17 0 2
335 18 0 3
336 16 0 2
337 19 0 2
338 17 0 4
339 19 0 4
340 20 0 2
341 20 0 3
342 16 0 4
343 20 0 3
344 17 0 1
345 17 0 1
346 16 0 2
347 15 0 2
348 15 0 3
349 16 0 3
350 17 0 4
351 18 0 2
352 18 0 2
353 17 0 3
354 17 0 3
355 18 0 3
356 15 0 3
357 20 0 2
358 20 0 3
359 20 0 3
360 20 0 2
361 19 0 3
362 18 0 4
363 18 0 2
364 17 0 3
365 18 0 4
366 22 0 4
367 20 0 4
368 21 0 2
369 20 0 3
370 17 0 3
371 17 0 3
372 16 0 4
373 14 0 3
374 15 0 3
375 18 0 3
376 21 0 2
377 20 0 3
378 21 0 3
379 21 0 3
380 19 0 3
381 20 0 2
382 18 0 3
383 17 0 4
384 19 0 3
385 19 0 2
386 17 0 2
387 18 0 3
388 18 0 4
389 20 0 3
390 21 0 2
391 17 0 2
392 18 0 1
393 18 0 2
394 18 0 3
395 20 0 2
396 21 0 0
397 23 0 1
398 22 0 2
399 20 0 4
400 21 0 4
