0 0 0 0
1 0 0 0
2 0 0 0
3 0 0 0
4 0 0 0
5 0 0 0
6 0 0 0
7 0 0 0
8 0 0 0
9 0 0 0
10 0 0 0
11 0 0 0
12 0 0 0
13 0 0 0
14 0 0 0
15 0 0 0
16 1 0 0
17 1 0 0
18 1 0 0
19 1 0 0
20 0 0 0
21 0 0 0
22 1 0 0
23 2 0 0
24 3 0 0
25 4 0 0
26 4 0 0
27 5 0 0
28 3 0 0
29 4 0 0
30 4 0 0
31 4 0 1
32 6 0 1
33 7 0 2
34 7 0 1
35 9 0 1
36 7 0 0
37 6 0 0
38 9 0 0
39 5 0 0
40 8 0 0
41 10 0 1
42 11 0 1
43 10 0 2
44 9 0 1
45 13 0 3
46 12 0 1
47 10 0 2
48 12 0 2
49 11 0 3
50 11 0 2
51 9 0 3
52 10 0 3
53 9 0 1
54 11 0 2
55 12 0 1
56 14 0 3
57 14 0 2
58 14 0 4
59 11 0 4
60 11 0 4
61 13 0 3
62 17 0 3
63 18 0 4
64 19 0 5
65 14 0 4
66 17 0 4
67 14 0 4
68 17 0 5
69 18 0 5
70 16 0 5
71 19 0 3
72 17 0 4
73 17 0 5
74 16 0 4
75 17 0 3
76 17 0 4
77 18 0 4
78 18 0 5
79 18 0 5
80 17 0 5
81 18 0 5
82 21 0 5
83 24 0 5
84 23 0 5
85 18 0 3
86 20 0 5
87 21 0 5
88 24 0 5
89 26 0 5
90 23 0 5
91 22 0 5
92 22 0 5
93 25 0 5
94 23 0 5
95 24 0 5
96 22 0 4
97 23 0 5
98 24 0 5
99 23 0 5
100 22 0 4
101 21 0 5
102 18 0 5
103 19 0 5
104 21 0 4
105 21 0 5
106 18 0 5
107 19 0 5
108 20 0 5
109 20 0 5
110 18 0 6
111 17 0 5
112 19 0 5
113 23 0 5
114 23 0 5
115 24 0 5
116 23 0 6
117 25 0 6
118 27 0 6
119 25 0 6
120 25 0 6
121 24 0 5
122 22 0 6
123 20 0 5
124 21 0 4
125 20 0 5
126 20 0 6
127 20 0 5
128 21 0 6
129 20 0 6
130 19 0 6
131 19 0 5
132 19 0 6
133 21 0 7
134 19 0 6
135 18 0 5
136 20 0 6
137 21 0 5
138 18 0 6
139 19 0 6
140 19 0 6
141 20 0 6
142 18 0 5
143 20 0 4
144 19 0 6
145 19 0 7
146 19 0 6
147 18 0 7
148 19 0 6
149 21 0 7
150 20 0 7
151 20 0 7
152 20 0 6
153 21 0 7
154 21 0 5
155 21 0 6
156 21 0 5
157 21 0 5
158 20 0 6
159 19 0 6
160 19 0 6
161 19 0 5
162 17 0 6
163 19 0 7
164 20 0 7
165 21 0 6
166 21 0 6
167 20 0 6
168 20 0 6
169 21 0 7
170 20 0 6
171 22 0 5
172 20 0 5
173 22 0 6
174 22 0 6
175 22 0 5
176 19 0 5
177 18 0 7
178 17 0 6
179 19 0 5
180 20 0 7
181 20 0 6
182 21 0 7
183 20 0 6
184 20 0 6
185 22 0 6
186 19 0 6
187 19 0 7
188 18 0 6
189 21 0 7
190 21 0 7
191 21 0 6
192 21 0 6
193 20 0 7
194 21 0 7
195 21 0 7
196 22 0 7
197 25 0 6
198 24 0 7
199 21 0 6
200 22 0 7
201 23 0 6
202 22 0 6
203 21 0 6
204 21 0 7
205 24 0 7
206 26 0 6
207 24 0 7
208 24 0 6
209 23 0 7
210 24 0 6
211 23 0 7
212 22 0 7
213 22 0 7
214 23 0 7
215 24 0 7
216 22 0 7
217 22 0 7
218 27 0 7
219 25 0 7
220 24 0 7
221 27 0 7
222 25 0 5
223 24 0 3
224 25 0 5
225 26 0 5
226 26 0 5
227 29 0 3
228 27 0 5
229 26 0 2
230 26 0 4
231 27 0 5
232 26 0 7
233 24 0 7
234 26 0 6
235 28 0 5
236 26 0 6
237 27 0 5
238 29 0 7
239 29 0 8
240 23 0 7
241 26 0 10
242 26 0 9
243 27 0 9
244 25 0 8
245 28 0 10
246 28 0 8
247 29 0 7
248 30 0 7
249 27 0 7
250 29 0 8
251 29 0 9
252 26 0 9
253 24 0 9
254 26 0 8
255 29 0 9
256 30 0 8
257 27 0 9
258 29 0 9
259 28 0 7
260 28 0 9
261 26 0 10
262 24 0 10
263 25 0 10
264 28 0 10
265 28 0 8
266 27 0 9
267 29 0 6
268 31 0 10
269 27 0 7
270 25 0 7
271 27 0 11
272 27 0 10
273 25 0 9
274 25 0 8
275 28 0 9
276 28 0 6
277 27 0 9
278 27 0 10
279 27 0 10
280 28 0 10
281 29 0 10
282 30 0 9
283 30 0 10
284 26 0 10
285 26 0 9
286 27 0 10
287 29 0 10
288 28 0 10
289 26 0 10
290 29 0 10
291 28 0 8
292 28 0 11
293 27 0 10
294 25 0 10
295 27 0 9
296 28 0 11
297 25 0 10
298 30 0 9
299 25 0 9
300 30 0 10
301 31 0 9
302 29 0 8
303 28 0 9
304 30 0 7
305 32 0 10
306 31 0 10
307 29 0 9
308 28 0 10
309 32 0 8
310 29 0 8
311 30 0 7
312 31 0 10
313 31 0 11
314 31 0 11
315 31 0 11
316 31 0 11
317 30 0 10
318 31 0 9
319 29 0 10
320 29 0 11
321 31 0 11
322 31 0 11
323 32 0 11
324 33 0 10
325 32 0 9
326 34 0 11
327 32 0 11
328 32 0 10
329 29 0 11
330 29 0 11
331 29 0 11
332 30 0 11
333 29 0 11
334 31 0 11
335 30 0 11
336 32 0 10
337 30 0 10
338 29 0 9
339 30 0 10
340 29 0 8
341 35 0 11
342 33 0 11
343 35 0 10
344 33 0 10
345 33 0 10
346 34 0 11
347 33 0 11
348 33 0 10
349 33 0 11
350 33 0 11
351 36 0 11
352 32 0 11
353 34 0 11
354 34 0 11
355 35 0 11
356 34 0 10
357 33 0 10
358 32 0 10
359 31 0 7
360 33 0 10
361 33 0 11
362 30 0 10
363 30 0 7
364 35 0 8
365 35 0 9
366 36 0 10
367 35 0 11
368 38 0 9
369 39 0 9
370 37 0 9
371 38 0 8
372 34 0 10
373 35 0 10
374 38 0 9
375 41 0 9
376 42 0 8
377 37 0 10
378 34 0 9
379 36 0 9
380 39 0 7
381 40 0 10
382 40 0 10
383 37 0 9
384 33 0 10
385 36 0 10
386 40 0 10
387 39 0 9
388 37 0 10
389 40 0 10
390 40 0 10
391 40 0 10
392 39 0 11
393 38 0 10
394 35 0 10
395 37 0 10
396 35 0 11
397 41 0 11
398 41 0 9
399 42 0 11
400 42 0 8
