0 0 0 0
1 0 0 0
2 0 0 0
3 0 0 0
4 0 0 0
5 0 0 0
6 0 0 0
7 1 0 0
8 0 0 0
9 1 0 0
10 1 0 0
11 1 0 0
12 1 0 0
13 1 0 0
14 1 0 0
15 0 0 0
16 0 0 0
17 0 0 0
18 1 0 0
19 2 0 0
20 2 0 0
21 2 0 0
22 3 0 0
23 3 0 0
24 3 0 0
25 2 0 0
26 3 0 0
27 4 0 0
28 3 0 0
29 4 0 0
30 4 0 0
31 4 0 0
32 3 0 0
33 5 0 0
34 6 0 0
35 8 0 0
36 5 0 0
37 8 0 0
38 6 0 0
39 7 0 0
40 7 0 0
41 7 0 0
42 10 0 0
43 12 0 0
44 10 0 0
45 10 0 0
46 13 0 0
47 12 0 0
48 13 0 0
49 13 0 0
50 12 0 0
51 13 0 0
52 12 0 0
53 13 0 0
54 15 0 0
55 14 0 0
56 14 0 0
57 12 0 0
58 16 0 0
59 13 0 0
60 14 0 0
61 18 0 0
62 18 0 0
63 16 0 0
64 16 0 0
65 19 0 0
66 17 0 0
67 17 0 0
68 16 0 0
69 15 0 0
70 15 0 0
71 15 0 0
72 17 0 0
73 16 0 0
74 15 0 0
75 17 0 0
76 18 0 0
77 16 0 0
78 17 0 0
79 17 0 0
80 18 0 0
81 18 0 0
82 18 0 0
83 19 0 0
84 19 0 0
85 19 0 0
86 19 0 0
87 18 0 0
88 19 0 0
89 19 0 0
90 19 0 0
91 17 0 0
92 19 0 0
93 19 0 0
94 21 0 0
95 19 0 0
96 20 0 0
97 20 0 0
98 21 0 0
99 19 0 0
100 17 0 0
101 17 0 0
102 16 0 0
103 15 0 0
104 17 0 0
105 18 0 0
106 16 0 0
107 16 0 0
108 17 0 0
109 15 0 0
110 14 0 0
111 14 0 0
112 16 0 0
113 16 0 0
114 16 0 0
115 16 0 0
116 17 0 0
117 18 0 0
118 18 0 0
119 18 0 0
120 17 0 0
121 17 0 0
122 15 0 0
123 15 0 0
124 10 0 0
125 11 0 0
126 13 0 0
127 14 0 0
128 15 0 0
129 15 0 0
130 11 0 0
131 10 0 0
132 12 0 0
133 13 0 0
134 12 0 0
135 11 0 0
136 12 0 0
137 14 0 0
138 15 0 0
139 14 0 0
140 15 0 0
141 16 0 0
142 13 0 0
143 12 0 0
144 13 0 0
145 14 0 0
146 13 0 0
147 13 0 0
148 12 0 0
149 13 0 0
150 14 0 0
151 16 0 0
152 15 0 0
153 14 0 0
154 17 0 0
155 15 0 0
156 19 0 0
157 16 0 0
158 16 0 0
159 18 0 0
160 17 0 0
161 13 0 0
162 13 0 0
163 16 0 0
164 16 0 0
165 19 0 0
166 17 0 0
167 14 0 0
168 11 0 0
169 15 0 0
170 18 0 0
171 16 0 0
172 17 0 0
173 17 0 0
174 15 0 0
175 19 0 0
176 15 0 0
177 15 0 0
178 16 0 0
179 17 0 0
180 17 0 0
181 16 0 0
182 17 0 0
183 18 0 0
184 20 0 0
185 22 0 0
186 20 0 0
187 18 0 0
188 17 0 0
189 15 0 0
190 16 0 0
191 15 0 0
192 16 0 0
193 13 0 0
194 14 0 0
195 17 0 0
196 19 0 0
197 18 0 0
198 19 0 0
199 17 0 0
200 17 0 0
201 18 0 0
202 22 0 0
203 23 0 1
204 22 0 1
205 21 0 0
206 20 0 0
207 19 0 0
208 22 0 1
209 20 0 0
210 19 0 1
211 18 0 1
212 18 0 0
213 19 0 0
214 23 0 1
215 21 0 2
216 20 0 1
217 21 0 1
218 20 0 0
219 17 0 0
220 19 0 1
221 17 0 2
222 17 0 0
223 17 0 1
224 17 0 1
225 16 0 0
226 15 0 1
227 18 0 0
228 19 0 1
229 19 0 1
230 21 0 2
231 23 0 2
232 22 0 1
233 22 0 1
234 19 0 1
235 21 0 1
236 20 0 1
237 20 0 1
238 21 0 1
239 20 0 1
240 24 0 1
241 22 0 1
242 22 0 1
243 21 0 2
244 23 0 1
245 23 0 1
246 24 0 2
247 22 0 2
248 19 0 1
249 19 0 1
250 20 0 1
251 24 0 1
252 21 0 2
253 21 0 2
254 22 0 1
255 20 0 1
256 17 0 2
257 18 0 2
258 19 0 2
259 19 0 2
260 18 0 2
261 19 0 2
262 20 0 2
263 22 0 2
264 25 0 2
265 23 0 2
266 22 0 2
267 20 0 2
268 20 0 3
269 22 0 3
270 22 0 2
271 22 0 2
272 24 0 1
273 27 0 1
274 22 0 1
275 23 0 1
276 22 0 1
277 24 0 3
278 23 0 3
279 20 0 3
280 23 0 3
281 25 0 3
282 22 0 2
283 22 0 2
284 23 0 3
285 22 0 1
286 22 0 2
287 22 0 3
288 21 0 2
289 22 0 2
290 28 0 2
291 28 0 3
292 26 0 2
293 26 0 2
294 23 0 3
295 21 0 3
296 22 0 3
297 19 0 3
298 23 0 1
299 21 0 2
300 23 0 0
301 24 0 3
302 24 0 1
303 23 0 1
304 22 0 2
305 23 0 3
306 25 0 2
307 21 0 1
308 22 0 1
309 23 0 2
310 21 0 1
311 23 0 2
312 23 0 1
313 21 0 2
314 23 0 1
315 21 0 2
316 22 0 2
317 19 0 2
318 18 0 2
319 20 0 2
320 20 0 2
321 24 0 2
322 24 0 2
323 25 0 3
324 20 0 2
325 21 0 1
326 22 0 2
327 23 0 1
328 26 0 2
329 27 0 1
330 23 0 2
331 22 0 1
332 19 0 1
333 20 0 2
334 22 0 1
335 24 0 2
336 25 0 3
337 24 0 2
338 21 0 2
339 21 0 2
340 18 0 3
341 22 0 2
342 22 0 2
343 21 0 2
344 20 0 2
345 21 0 1
346 22 0 2
347 21 0 2
348 18 0 2
349 18 0 2
350 19 0 2
351 23 0 3
352 22 0 2
353 24 0 3
354 24 0 2
355 24 0 1
356 25 0 2
357 27 0 3
358 24 0 2
359 25 0 2
360 26 0 2
361 28 0 2
362 28 0 2
363 30 0 3
364 27 0 3
365 27 0 3
366 28 0 2
367 28 0 2
368 27 0 3
369 28 0 2
370 27 0 3
371 27 0 1
372 25 0 1
373 25 0 2
374 26 0 2
375 24 0 2
376 26 0 3
377 26 0 2
378 28 0 2
379 24 0 2
380 23 0 1
381 21 0 3
382 27 0 1
383 26 0 1
384 28 0 2
385 24 0 3
386 25 0 1
387 22 0 3
388 24 0 2
389 27 0 2
390 28 0 3
391 27 0 3
392 27 0 3
393 28 0 2
394 26 0 2
395 23 0 3
396 23 0 2
397 26 0 2
398 28 0 1
399 28 0 2
400 27 0 1
