0 0 0 0
1 0 0 0
2 0 0 0
3 0 0 0
4 0 0 0
5 0 0 0
6 0 0 0
7 0 0 0
8 0 0 0
9 0 0 0
10 0 0 0
11 0 0 0
12 0 0 0
13 0 0 0
14 0 0 0
15 1 0 0
16 1 0 0
17 1 0 0
18 2 0 0
19 1 0 0
20 0 0 0
21 0 0 0
22 2 0 0
23 3 0 0
24 4 0 0
25 3 0 0
26 3 0 0
27 3 0 0
28 3 0 0
29 4 0 0
30 4 0 0
31 4 0 0
32 5 0 0
33 5 0 0
34 6 0 0
35 6 0 0
36 4 0 0
37 9 0 0
38 7 0 0
39 6 0 0
40 4 0 0
41 9 0 0
42 10 0 0
43 11 0 0
44 8 0 0
45 10 0 0
46 13 0 0
47 12 0 0
48 9 0 0
49 8 0 0
50 9 0 0
51 10 0 0
52 11 0 0
53 11 0 0
54 12 0 0
55 10 0 0
56 11 0 0
57 9 0 0
58 12 0 1
59 11 0 1
60 7 0 0
61 10 0 0
62 10 0 0
63 12 0 1
64 12 0 0
65 12 0 1
66 13 0 1
67 13 0 1
68 13 0 0
69 10 0 1
70 13 0 0
71 15 0 1
72 15 0 1
73 15 0 0
74 15 0 0
75 15 0 1
76 13 0 0
77 13 0 0
78 13 0 1
79 13 0 1
80 15 0 0
81 17 0 0
82 14 0 0
83 15 0 0
84 16 0 1
85 16 0 0
86 18 0 1
87 16 0 1
88 16 0 1
89 18 0 1
90 18 0 0
91 17 0 1
92 16 0 1
93 18 0 1
94 19 0 1
95 17 0 0
96 18 0 0
97 18 0 1
98 18 0 0
99 16 0 1
100 18 0 1
101 18 0 1
102 17 0 1
103 15 0 1
104 15 0 0
105 15 0 0
106 16 0 0
107 16 0 1
108 16 0 1
109 16 0 1
110 15 0 0
111 15 0 0
112 16 0 0
113 17 0 1
114 18 0 1
115 19 0 0
116 20 0 0
117 19 0 1
118 19 0 1
119 18 0 0
120 18 0 0
121 17 0 0
122 17 0 1
123 16 0 0
124 16 0 0
125 18 0 1
126 15 0 0
127 14 0 0
128 15 0 1
129 17 0 1
130 16 0 0
131 17 0 0
132 15 0 1
133 16 0 0
134 16 0 0
135 17 0 0
136 17 0 1
137 17 0 1
138 16 0 0
139 16 0 0
140 15 0 1
141 16 0 1
142 15 0 1
143 15 0 0
144 15 0 0
145 17 0 1
146 18 0 1
147 17 0 0
148 19 0 0
149 18 0 1
150 19 0 1
151 18 0 0
152 16 0 0
153 13 0 0
154 13 0 1
155 15 0 1
156 15 0 0
157 16 0 0
158 18 0 0
159 18 0 0
160 16 0 0
161 17 0 0
162 17 0 0
163 16 0 0
164 18 0 1
165 18 0 1
166 18 0 0
167 16 0 0
168 14 0 0
169 15 0 0
170 15 0 1
171 14 0 0
172 15 0 0
173 16 0 0
174 16 0 1
175 14 0 1
176 15 0 0
177 19 0 1
178 19 0 1
179 19 0 1
180 18 0 0
181 18 0 1
182 19 0 1
183 19 0 1
184 19 0 0
185 17 0 0
186 17 0 1
187 15 0 1
188 15 0 0
189 16 0 0
190 16 0 1
191 16 0 0
192 17 0 0
193 17 0 1
194 17 0 1
195 18 0 0
196 18 0 0
197 18 0 1
198 19 0 1
199 17 0 0
200 16 0 2
201 15 0 0
202 16 0 0
203 17 0 0
204 15 0 1
205 17 0 2
206 17 0 2
207 15 0 1
208 15 0 2
209 15 0 2
210 16 0 2
211 17 0 1
212 16 0 0
213 16 0 0
214 17 0 0
215 18 0 2
216 19 0 2
217 20 0 1
218 19 0 1
219 18 0 0
220 17 0 0
221 17 0 1
222 17 0 1
223 14 0 1
224 14 0 0
225 15 0 0
226 12 0 1
227 14 0 1
228 13 0 1
229 14 0 0
230 17 0 1
231 15 0 1
232 14 0 0
233 17 0 1
234 15 0 2
235 17 0 1
236 16 0 0
237 14 0 2
238 13 0 2
239 13 0 1
240 13 0 0
241 15 0 1
242 16 0 2
243 16 0 1
244 18 0 1
245 17 0 3
246 18 0 2
247 17 0 1
248 17 0 1
249 19 0 1
250 19 0 1
251 19 1 1
252 17 0 2
253 17 0 2
254 17 0 1
255 16 0 1
256 15 0 3
257 15 0 2
258 15 0 0
259 15 0 0
260 16 0 2
261 16 0 2
262 17 0 1
263 17 0 0
264 18 0 0
265 19 0 2
266 17 0 4
267 19 0 4
268 20 0 3
269 17 0 2
270 17 0 3
271 18 0 4
272 18 0 3
273 19 0 1
274 17 0 2
275 15 0 3
276 15 0 2
277 16 0 2
278 17 0 4
279 14 0 3
280 16 0 3
281 17 0 2
282 16 0 4
283 17 0 4
284 21 0 2
285 18 0 4
286 20 0 3
287 18 0 2
288 16 0 3
289 15 1 2
290 16 1 2
291 18 1 1
292 20 1 2
293 19 1 3
294 17 1 3
295 18 1 4
296 18 1 2
297 19 1 2
298 20 1 2
299 19 1 3
300 18 1 2
301 21 1 1
302 20 1 3
303 18 1 3
304 20 1 1
305 18 1 2
306 16 1 3
307 17 1 2
308 17 1 2
309 18 1 2
310 20 1 3
311 18 1 1
312 20 1 1
313 21 1 3
314 22 1 3
315 22 1 2
316 20 1 1
317 20 1 3
318 19 1 3
319 19 1 2
320 19 1 2
321 19 1 4
322 19 1 2
323 20 1 1
324 21 1 1
325 22 1 2
326 22 1 4
327 21 1 2
328 21 1 2
329 22 1 2
330 22 1 3
331 21 1 3
332 19 1 1
333 21 1 1
334 19 1 2
335 18 1 3
336 19 1 2
337 20 1 3
338 19 1 3
339 20 1 3
340 22 1 1
341 25 1 2
342 24 1 2
343 22 1 1
344 22 0 5
345 22 0 5
346 22 0 4
347 22 0 3
348 23 0 4
349 21 0 2
350 20 0 4
351 19 0 3
352 20 0 2
353 21 0 3
354 20 0 4
355 19 0 3
356 19 0 5
357 21 0 5
358 21 0 6
359 19 0 5
360 23 0 4
361 23 0 4
362 23 0 4
363 22 0 4
364 24 0 4
365 24 0 4
366 23 0 5
367 24 0 6
368 22 0 6
369 25 0 4
370 27 0 4
371 24 0 3
372 23 0 4
373 26 0 1
374 26 0 4
375 26 0 6
376 23 0 5
377 23 0 5
378 24 1 4
379 22 1 5
380 21 1 5
381 21 1 4
382 20 1 5
383 23 0 4
384 24 1 6
385 23 0 4
386 24 1 3
387 23 1 5
388 24 1 5
389 23 1 5
390 25 1 4
391 22 1 4
392 22 1 3
393 21 1 4
394 22 1 3
395 21 1 3
396 21 1 5
397 21 1 4
398 22 1 4
399 22 1 5
400 20 1 5
