0 0 0 0
1 0 0 0
2 0 0 0
3 0 0 0
4 0 0 0
5 0 0 0
6 0 0 0
7 0 0 0
8 1 0 0
9 1 0 0
10 1 0 0
11 1 0 0
12 2 0 0
13 2 0 0
14 3 0 0
15 2 0 0
16 2 0 0
17 3 0 0
18 2 0 1
19 2 0 0
20 1 0 1
21 4 0 1
22 7 0 1
23 6 0 1
24 7 0 1
25 6 0 1
26 7 0 1
27 7 0 1
28 8 0 1
29 7 0 2
30 9 0 2
31 10 0 1
32 11 0 1
33 11 0 1
34 11 0 1
35 8 0 1
36 8 0 0
37 7 0 1
38 9 0 1
39 9 0 2
40 9 0 2
41 14 0 2
42 13 0 1
43 16 0 2
44 14 0 2
45 17 0 1
46 15 0 2
47 17 0 2
48 16 0 2
49 15 0 1
50 17 0 2
51 17 0 2
52 18 0 2
53 20 0 2
54 16 0 2
55 16 0 2
56 19 0 1
57 19 0 1
58 20 0 2
59 20 0 1
60 18 0 2
61 20 0 2
62 20 0 1
63 20 0 1
64 19 0 2
65 21 0 2
66 21 0 2
67 21 0 2
68 20 0 2
69 19 0 2
70 22 0 2
71 22 0 2
72 22 0 2
73 18 0 2
74 19 0 2
75 23 0 2
76 20 0 2
77 22 0 2
78 20 0 2
79 23 0 2
80 23 1 2
81 23 1 2
82 23 1 2
83 22 1 2
84 24 1 2
85 24 1 2
86 24 1 2
87 25 1 2
88 24 1 2
89 25 1 2
90 26 0 2
91 26 1 2
92 24 1 2
93 28 1 2
94 27 0 3
95 28 1 3
96 25 1 3
97 26 1 2
98 26 0 2
99 26 0 2
100 26 0 3
101 27 0 3
102 25 1 3
103 24 0 3
104 23 0 3
105 24 1 3
106 24 0 3
107 27 0 2
108 27 0 3
109 27 1 3
110 24 0 3
111 26 0 3
112 24 1 3
113 26 0 3
114 25 0 3
115 25 0 2
116 26 0 3
117 25 1 2
118 26 0 3
119 25 0 3
120 26 0 2
121 26 1 3
122 25 1 3
123 26 0 2
124 27 0 3
125 25 1 2
126 25 0 3
127 23 1 3
128 25 1 2
129 25 1 3
130 26 1 3
131 23 1 3
132 25 1 2
133 25 1 4
134 26 0 2
135 26 0 3
136 24 1 4
137 24 1 4
138 26 0 2
139 25 0 3
140 25 1 3
141 26 1 2
142 28 1 4
143 29 1 3
144 26 1 4
145 23 1 4
146 25 1 3
147 26 1 4
148 25 1 3
149 25 1 2
150 25 0 3
151 27 1 4
152 25 1 3
153 26 1 3
154 26 1 3
155 28 1 3
156 29 1 3
157 30 1 4
158 29 1 4
159 28 1 4
160 27 1 3
161 29 1 4
162 28 1 4
163 30 1 4
164 29 1 2
165 29 1 4
166 28 1 4
167 29 1 4
168 30 1 4
169 28 1 4
170 29 1 4
171 27 1 4
172 26 1 3
173 31 1 2
174 30 1 5
175 33 1 2
176 33 1 4
177 32 1 3
178 28 1 6
179 27 1 5
180 26 1 3
181 27 1 5
182 30 1 5
183 31 1 5
184 31 1 5
185 31 1 5
186 29 1 4
187 28 1 6
188 29 1 6
189 27 1 4
190 27 1 4
191 28 1 4
192 29 1 4
193 30 1 4
194 31 1 3
195 27 0 6
196 29 1 6
197 32 1 4
198 31 1 5
199 31 1 5
200 31 1 5
201 30 1 6
202 30 1 5
203 27 1 4
204 29 1 5
205 29 1 5
206 28 1 4
207 28 1 5
208 30 1 6
209 32 1 6
210 30 1 5
211 33 1 5
212 34 1 4
213 34 1 5
214 32 1 6
215 33 1 4
216 32 1 5
217 29 1 6
218 30 1 3
219 34 1 5
220 35 1 4
221 34 1 5
222 32 1 5
223 34 1 6
224 32 1 6
225 30 1 6
226 30 1 6
227 30 1 6
228 31 1 6
229 31 1 6
230 29 1 5
231 31 1 5
232 32 0 5
233 32 0 6
234 30 1 6
235 31 1 6
236 33 1 6
237 33 1 5
238 33 1 5
239 32 1 6
240 34 1 6
241 37 1 5
242 34 1 5
243 34 1 6
244 34 1 5
245 36 1 6
246 36 0 6
247 35 1 6
248 37 1 5
249 35 1 5
250 34 1 6
251 35 1 6
252 36 1 5
253 36 0 4
254 37 1 5
255 34 2 5
256 34 1 4
257 34 1 6
258 34 1 6
259 36 1 6
260 36 1 5
261 35 1 5
262 32 1 6
263 31 1 6
264 33 1 5
265 35 1 5
266 31 1 4
267 35 1 5
268 35 2 5
269 34 2 5
270 33 1 5
271 32 1 5
272 31 1 6
273 32 1 5
274 33 1 5
275 36 1 7
276 36 1 5
277 36 1 5
278 35 0 6
279 33 2 4
280 32 1 5
281 38 2 7
282 37 2 7
283 33 2 5
284 32 1 5
285 33 1 5
286 34 2 7
287 37 1 6
288 39 2 6
289 38 2 6
290 41 2 3
291 41 2 4
292 40 2 7
293 36 2 7
294 39 2 8
295 39 2 8
296 37 1 6
297 35 2 7
298 34 2 5
299 36 2 8
300 37 2 7
301 36 2 8
302 38 3 9
303 37 2 7
304 37 2 5
305 37 2 6
306 37 2 7
307 35 2 7
308 39 1 6
309 38 2 9
310 35 2 8
311 35 3 7
312 36 2 7
313 38 2 7
314 39 2 6
315 39 2 5
316 39 3 8
317 39 2 8
318 38 2 7
319 39 2 6
320 36 3 7
321 38 2 7
322 37 2 8
323 36 2 9
324 39 1 7
325 40 2 6
326 40 2 5
327 40 2 5
328 36 2 7
329 36 2 8
330 36 2 8
331 38 2 8
332 37 3 8
333 36 3 7
334 33 2 8
335 39 2 8
336 34 2 8
337 38 2 8
338 37 2 8
339 41 2 8
340 40 2 9
341 39 3 8
342 41 2 8
343 41 2 8
344 40 2 8
345 38 2 9
346 40 2 9
347 35 2 7
348 37 2 9
349 34 2 8
350 33 3 7
351 35 3 8
352 37 2 7
353 35 3 8
354 38 3 9
355 36 2 9
356 41 2 9
357 42 2 7
358 43 2 6
359 42 2 8
360 41 2 8
361 40 2 8
362 38 2 9
363 37 1 9
364 33 2 9
365 37 3 8
366 37 2 8
367 40 2 8
368 41 3 8
369 40 3 8
370 41 2 8
371 41 1 8
372 40 2 9
373 41 1 8
374 41 2 8
375 40 1 8
376 38 2 8
377 41 1 7
378 43 2 8
379 40 2 7
380 43 1 8
381 39 1 10
382 37 3 9
383 37 1 8
384 41 2 9
385 41 2 8
386 41 2 9
387 42 2 8
388 44 3 8
389 41 2 8
390 41 2 8
391 40 3 9
392 41 4 9
393 41 2 8
394 38 2 9
395 40 2 7
396 40 2 6
397 38 3 7
398 38 3 6
399 39 1 9
400 37 2 8
