0 0 0 0
1 0 0 0
2 0 0 0
3 0 0 0
4 0 0 0
5 0 0 0
6 0 0 0
7 0 0 0
8 0 0 0
9 1 0 0
10 0 0 0
11 0 0 0
12 2 0 0
13 2 0 0
14 2 0 0
15 1 0 0
16 1 0 0
17 1 0 0
18 1 0 0
19 1 0 1
20 2 0 1
21 2 0 1
22 2 0 0
23 3 0 1
24 3 0 0
25 3 0 1
26 3 0 1
27 3 0 1
28 3 0 2
29 3 0 2
30 3 0 3
31 4 0 3
32 6 0 3
33 8 0 3
34 6 0 3
35 4 0 3
36 8 0 2
37 7 0 2
38 6 0 3
39 6 0 2
40 3 0 3
41 5 0 3
42 6 0 3
43 6 0 3
44 7 0 3
45 8 0 2
46 8 0 3
47 6 0 3
48 9 0 4
49 9 0 3
50 10 0 3
51 10 0 3
52 11 0 4
53 8 0 3
54 11 0 4
55 12 0 4
56 9 0 4
57 11 0 4
58 10 0 4
59 9 0 4
60 11 0 3
61 12 0 4
62 12 0 3
63 13 0 2
64 12 0 3
65 13 0 3
66 13 0 3
67 13 0 4
68 14 0 4
69 14 0 1
70 13 0 4
71 14 0 4
72 11 0 2
73 12 0 2
74 12 0 4
75 11 0 2
76 10 0 3
77 11 0 5
78 12 0 2
79 13 0 2
80 16 0 4
81 15 0 3
82 15 0 2
83 19 0 3
84 18 0 5
85 14 0 2
86 17 0 2
87 18 0 2
88 21 0 3
89 18 0 3
90 13 0 3
91 16 0 3
92 18 0 4
93 18 0 3
94 19 0 3
95 18 0 4
96 13 0 3
97 13 0 4
98 17 0 3
99 18 0 4
100 20 0 3
101 21 0 2
102 20 0 4
103 18 0 3
104 17 0 3
105 16 0 4
106 16 0 2
107 17 0 3
108 18 0 3
109 18 0 3
110 20 0 3
111 18 0 3
112 17 0 3
113 17 0 3
114 19 0 2
115 20 0 3
116 22 0 3
117 19 0 2
118 19 0 4
119 18 0 3
120 18 0 3
121 18 0 3
122 18 0 3
123 20 0 3
124 21 0 3
125 20 0 3
126 21 0 4
127 22 0 3
128 23 0 3
129 21 0 3
130 21 0 3
131 21 0 3
132 19 0 3
133 21 0 3
134 22 0 3
135 19 0 5
136 20 0 4
137 19 0 4
138 20 0 4
139 21 0 4
140 21 0 4
141 20 0 4
142 22 0 4
143 20 0 5
144 18 0 4
145 14 0 5
146 17 0 4
147 17 0 4
148 18 0 5
149 18 0 4
150 15 0 5
151 18 0 5
152 18 0 5
153 17 0 5
154 21 0 3
155 20 0 3
156 19 0 5
157 19 0 3
158 16 0 4
159 20 0 6
160 20 0 3
161 19 0 4
162 23 0 6
163 22 0 5
164 19 0 4
165 18 0 4
166 20 0 6
167 19 0 5
168 21 0 5
169 20 0 4
170 19 0 4
171 19 0 5
172 19 0 6
173 20 0 6
174 19 0 6
175 20 0 6
176 20 0 5
177 19 0 5
178 19 0 7
179 17 0 6
180 16 0 6
181 17 0 6
182 18 0 6
183 20 0 6
184 20 0 7
185 21 1 6
186 23 0 7
187 23 0 7
188 24 1 6
189 21 0 6
190 21 0 7
191 20 0 7
192 19 1 5
193 19 0 6
194 21 0 5
195 19 0 5
196 21 0 6
197 19 0 6
198 20 0 5
199 25 0 5
200 24 1 7
201 22 0 8
202 20 0 7
203 22 0 6
204 21 0 5
205 23 0 6
206 20 0 6
207 22 0 6
208 22 0 7
209 20 0 8
210 22 0 7
211 19 0 5
212 20 0 7
213 16 0 6
214 15 0 6
215 18 0 7
216 22 0 6
217 24 0 6
218 22 0 7
219 21 0 8
220 23 0 7
221 23 0 6
222 22 0 6
223 23 0 8
224 19 0 7
225 20 0 7
226 17 0 6
227 19 0 5
228 21 0 6
229 18 0 6
230 19 0 8
231 20 0 7
232 21 0 7
233 21 0 7
234 20 0 7
235 16 0 8
236 17 0 6
237 18 0 8
238 20 0 8
239 20 0 8
240 20 0 7
241 20 0 7
242 22 0 7
243 23 0 7
244 22 0 9
245 25 0 6
246 23 0 6
247 17 0 7
248 16 0 5
249 18 0 7
250 17 0 6
251 15 0 5
252 16 1 8
253 17 0 8
254 17 0 8
255 17 0 8
256 16 0 8
257 14 0 8
258 15 0 5
259 19 0 7
260 18 0 6
261 20 0 6
262 19 0 5
263 19 0 6
264 19 1 8
265 20 1 7
266 21 1 7
267 21 1 8
268 23 1 7
269 23 0 6
270 22 0 6
271 24 0 7
272 22 1 8
273 22 1 9
274 20 0 6
275 18 0 7
276 21 0 7
277 23 0 8
278 22 1 8
279 22 0 8
280 21 0 8
281 19 0 7
282 22 0 8
283 23 0 9
284 20 0 8
285 22 0 8
286 22 0 9
287 22 1 9
288 21 1 7
289 19 1 8
290 16 1 9
291 17 1 9
292 20 1 9
293 18 1 9
294 18 1 10
295 19 1 7
296 18 1 8
297 18 1 10
298 19 0 10
299 20 1 9
300 21 1 10
301 24 1 10
302 24 0 10
303 23 0 9
304 26 0 10
305 27 1 10
306 25 1 9
307 24 1 10
308 23 1 10
309 23 1 10
310 24 1 10
311 23 0 10
312 22 1 9
313 21 1 9
314 21 1 10
315 23 0 10
316 22 0 10
317 21 1 10
318 21 1 9
319 22 1 10
320 22 1 10
321 23 1 10
322 25 1 8
323 23 0 9
324 21 1 10
325 22 1 10
326 25 1 9
327 24 0 9
328 26 0 9
329 23 1 10
330 25 1 10
331 23 0 9
332 23 0 10
333 26 1 10
334 22 1 9
335 26 1 10
336 23 0 10
337 24 1 10
338 23 1 10
339 23 1 10
340 24 0 8
341 29 1 8
342 29 1 8
343 27 0 8
344 28 0 9
345 27 1 8
346 26 1 8
347 27 0 9
348 27 1 8
349 26 1 8
350 25 0 9
351 27 0 9
352 30 1 9
353 33 1 10
354 32 0 10
355 32 0 10
356 30 1 9
357 29 1 9
358 28 0 11
359 30 0 11
360 30 1 11
361 29 1 11
362 30 1 12
363 32 1 11
364 31 1 10
365 34 1 10
366 32 1 10
367 33 1 11
368 32 1 10
369 31 1 11
370 30 1 11
371 32 1 11
372 35 1 11
373 32 1 10
374 36 0 10
375 35 0 8
376 33 1 10
377 32 1 11
378 34 0 12
379 32 0 12
380 35 1 12
381 35 1 11
382 35 0 11
383 31 1 11
384 32 1 11
385 29 1 11
386 29 0 11
387 31 1 11
388 31 1 11
389 33 1 11
390 28 0 11
391 32 0 11
392 34 1 11
393 34 1 12
394 33 0 11
395 34 1 12
396 32 1 12
397 31 0 11
398 30 0 11
399 32 0 12
400 33 1 11
