0 0 0 0
1 0 0 0
2 0 0 0
3 0 0 0
4 0 0 0
5 0 0 0
6 0 0 0
7 0 0 0
8 0 0 0
9 1 0 0
10 1 0 0
11 1 0 0
12 1 0 0
13 1 0 0
14 1 0 0
15 1 0 0
16 1 0 0
17 2 0 0
18 2 0 0
19 1 0 0
20 2 0 0
21 3 0 0
22 3 0 0
23 4 0 0
24 4 0 0
25 4 0 0
26 4 0 0
27 5 0 0
28 5 0 0
29 4 0 0
30 6 0 0
31 6 0 0
32 5 0 0
33 5 0 0
34 5 0 0
35 6 0 0
36 5 0 0
37 7 0 0
38 7 0 0
39 8 0 0
40 9 0 0
41 10 0 0
42 9 0 0
43 10 0 0
44 8 0 0
45 9 0 0
46 9 0 0
47 10 0 0
48 12 0 0
49 11 0 0
50 8 0 0
51 7 0 0
52 12 0 0
53 14 0 0
54 14 0 0
55 17 0 0
56 13 0 0
57 13 0 0
58 16 0 0
59 13 0 0
60 11 0 0
61 15 0 0
62 18 0 0
63 17 0 0
64 16 0 0
65 17 0 0
66 18 0 0
67 18 0 0
68 17 0 0
69 15 0 0
70 16 0 0
71 17 0 0
72 15 0 0
73 15 0 0
74 15 0 0
75 19 0 0
76 17 0 0
77 19 0 0
78 17 0 0
79 17 0 0
80 20 0 0
81 19 0 0
82 20 0 0
83 18 0 0
84 17 0 0
85 19 0 0
86 17 0 0
87 19 0 0
88 20 0 0
89 19 0 0
90 19 0 0
91 18 0 0
92 18 0 0
93 19 0 0
94 19 0 0
95 19 0 0
96 19 0 0
97 19 0 0
98 19 0 0
99 18 0 0
100 18 0 0
101 16 0 0
102 15 0 0
103 15 0 0
104 15 0 0
105 16 0 0
106 16 0 0
107 13 0 0
108 13 0 0
109 12 0 0
110 10 0 0
111 10 0 0
112 14 0 0
113 14 0 0
114 16 0 0
115 15 0 0
116 18 0 0
117 18 0 0
118 18 0 0
119 17 0 0
120 17 0 0
121 20 0 0
122 17 0 0
123 14 0 0
124 14 0 0
125 13 0 0
126 12 0 0
127 12 0 0
128 12 0 0
129 12 0 0
130 13 0 0
131 13 0 0
132 12 0 0
133 11 0 0
134 11 0 0
135 13 0 0
136 13 0 0
137 13 0 0
138 15 0 0
139 15 0 0
140 13 0 0
141 12 0 0
142 13 0 0
143 13 0 0
144 13 0 0
145 14 0 0
146 13 0 0
147 11 0 0
148 12 0 0
149 11 0 0
150 12 0 0
151 12 0 0
152 14 0 0
153 15 0 0
154 15 0 0
155 14 0 0
156 16 0 0
157 15 0 0
158 16 0 0
159 16 0 0
160 16 0 0
161 15 0 0
162 16 0 0
163 15 0 0
164 15 0 0
165 14 0 0
166 12 0 0
167 12 0 0
168 11 0 0
169 13 0 0
170 14 0 0
171 14 0 0
172 14 0 0
173 14 0 0
174 16 0 0
175 17 0 0
176 15 0 0
177 15 0 0
178 14 0 0
179 14 0 0
180 14 0 0
181 15 0 0
182 14 0 0
183 16 1 0
184 18 0 0
185 20 0 0
186 19 0 0
187 20 0 0
188 15 0 0
189 14 0 0
190 14 0 0
191 13 0 0
192 12 0 0
193 16 1 0
194 17 0 0
195 17 0 0
196 16 0 0
197 14 0 0
198 13 0 0
199 13 0 0
200 12 0 0
201 11 0 0
202 13 1 0
203 13 0 0
204 16 0 0
205 17 0 0
206 16 0 0
207 17 1 0
208 16 0 0
209 12 0 0
210 13 0 0
211 13 1 0
212 13 1 0
213 13 1 0
214 13 1 0
215 11 1 0
216 10 0 1
217 11 0 1
218 12 0 0
219 13 0 0
220 15 0 0
221 18 0 0
222 17 0 1
223 16 0 1
224 16 0 0
225 16 0 0
226 14 0 0
227 14 1 1
228 14 0 1
229 15 0 0
230 13 0 1
231 14 0 1
232 14 0 0
233 12 0 0
234 16 0 0
235 15 0 1
236 14 0 1
237 15 0 0
238 16 0 1
239 14 0 1
240 13 0 1
241 14 0 1
242 15 1 0
243 14 0 0
244 11 0 1
245 13 0 1
246 13 1 0
247 13 0 1
248 13 0 1
249 13 0 1
250 13 0 0
251 13 0 1
252 13 0 1
253 13 0 0
254 16 0 0
255 16 0 0
256 15 0 0
257 16 1 0
258 15 1 1
259 16 1 1
260 14 0 1
261 12 1 1
262 11 0 1
263 12 1 0
264 12 0 0
265 11 1 0
266 14 1 1
267 13 0 0
268 14 0 0
269 16 1 0
270 17 0 1
271 16 0 1
272 16 0 1
273 17 0 1
274 16 1 1
275 16 1 1
276 17 1 2
277 17 0 2
278 15 0 1
279 15 1 0
280 14 1 2
281 14 1 2
282 14 1 0
283 16 0 0
284 17 0 1
285 16 1 2
286 18 1 2
287 18 0 1
288 17 0 1
289 17 1 1
290 16 0 2
291 17 0 2
292 17 0 0
293 16 0 1
294 14 0 0
295 12 1 1
296 11 0 0
297 13 0 1
298 12 1 2
299 13 1 1
300 13 1 1
301 16 0 0
302 15 1 3
303 17 0 3
304 17 0 1
305 19 0 2
306 19 0 1
307 19 0 1
308 16 0 3
309 15 1 1
310 14 1 1
311 12 1 2
312 13 0 2
313 15 0 1
314 15 0 2
315 12 0 3
316 13 0 1
317 13 0 3
318 15 1 2
319 14 0 1
320 15 0 2
321 15 1 2
322 17 0 2
323 16 1 2
324 17 1 1
325 14 1 2
326 17 0 2
327 16 0 1
328 16 1 2
329 17 0 3
330 16 0 2
331 17 1 1
332 16 0 3
333 17 0 1
334 16 0 2
335 17 0 3
336 18 0 3
337 16 0 3
338 12 0 3
339 15 1 1
340 15 0 2
341 18 0 3
342 16 0 2
343 15 1 1
344 15 1 1
345 16 1 3
346 15 1 3
347 17 1 2
348 17 1 1
349 18 1 2
350 19 1 3
351 18 1 3
352 19 1 1
353 22 1 2
354 21 1 1
355 20 1 3
356 18 0 2
357 19 0 3
358 19 1 4
359 19 0 3
360 17 0 3
361 17 1 3
362 19 0 2
363 16 1 2
364 14 0 3
365 18 0 4
366 18 1 2
367 20 1 3
368 20 0 3
369 17 0 3
370 19 0 3
371 17 0 3
372 16 0 4
373 18 1 3
374 21 1 2
375 21 1 3
376 21 1 4
377 19 0 4
378 18 1 2
379 18 1 3
380 20 1 2
381 18 1 3
382 18 1 1
383 16 1 3
384 14 1 3
385 14 1 3
386 17 0 1
387 20 1 1
388 17 1 2
389 19 0 2
390 22 1 2
391 23 1 2
392 20 0 2
393 20 1 1
394 22 1 2
395 24 1 2
396 23 1 3
397 23 1 4
398 24 1 2
399 22 1 1
400 25 1 2
