0 0 0 0
1 0 0 0
2 0 0 0
3 0 0 0
4 0 0 0
5 0 0 0
6 0 0 0
7 0 0 0
8 0 0 0
9 0 0 0
10 0 0 0
11 0 0 0
12 0 0 0
13 2 0 0
14 3 0 0
15 1 0 0
16 2 0 0
17 3 0 0
18 4 0 0
19 5 0 0
20 2 0 0
21 5 0 0
22 6 0 0
23 6 0 1
24 6 0 0
25 5 0 0
26 6 0 1
27 5 0 1
28 6 0 2
29 5 0 1
30 6 0 1
31 7 0 1
32 7 0 0
33 11 0 1
34 9 0 1
35 7 0 1
36 6 0 1
37 8 0 0
38 10 0 1
39 9 0 1
40 7 0 0
41 8 0 2
42 11 0 2
43 9 0 3
44 11 0 1
45 11 0 1
46 12 0 4
47 13 0 0
48 15 0 0
49 14 0 3
50 15 0 4
51 14 0 3
52 14 0 3
53 12 0 3
54 12 0 3
55 14 0 3
56 14 0 3
57 15 0 3
58 16 0 4
59 12 0 2
60 13 0 2
61 13 0 3
62 17 0 4
63 18 0 3
64 15 1 4
65 17 0 1
66 19 0 5
67 16 0 6
68 14 0 2
69 17 1 2
70 14 0 7
71 18 0 4
72 17 0 4
73 15 0 5
74 15 0 8
75 16 0 4
76 19 0 2
77 15 0 3
78 18 0 3
79 15 0 2
80 20 0 1
81 22 0 6
82 20 0 7
83 22 1 9
84 20 1 7
85 21 1 4
86 18 1 5
87 17 1 2
88 18 1 2
89 21 1 2
90 21 1 2
91 16 1 3
92 15 1 2
93 14 0 1
94 14 0 1
95 15 1 3
96 11 1 3
97 12 1 2
98 13 0 3
99 12 0 3
100 16 2 3
101 21 2 7
102 21 2 7
103 19 2 4
104 15 0 5
105 18 0 5
106 17 2 5
107 20 2 4
108 21 2 5
109 21 2 5
110 22 1 6
111 19 3 5
112 18 3 7
113 17 1 9
114 17 1 10
115 18 0 8
116 17 1 7
117 17 1 7
118 19 1 8
119 17 2 10
120 16 0 8
121 23 6 9
122 25 6 11
123 26 5 7
124 28 5 7
125 27 5 7
126 22 5 5
127 21 4 6
128 23 5 7
129 23 4 7
130 23 4 9
131 25 3 8
132 27 4 8
133 27 4 6
134 26 4 5
135 28 3 9
136 25 2 9
137 27 4 7
138 26 4 6
139 28 3 6
140 27 3 9
141 34 4 11
142 30 5 7
143 30 5 9
144 35 5 9
145 31 5 7
146 33 5 10
147 32 6 7
148 31 5 9
149 34 3 9
150 35 4 9
151 35 5 11
152 34 6 9
153 34 4 10
154 32 5 11
155 32 6 13
156 33 6 13
157 30 5 7
158 34 5 8
159 28 5 12
160 29 3 13
161 35 5 14
162 33 2 12
163 37 4 10
164 37 5 11
165 39 5 13
166 38 4 12
167 37 3 13
168 37 3 10
169 36 3 10
170 38 4 9
171 36 3 8
172 36 2 9
173 43 4 8
174 39 2 10
175 40 4 13
176 40 3 10
177 38 3 11
178 38 3 11
179 38 3 12
180 34 3 12
181 42 4 14
182 45 5 14
183 40 5 13
184 42 5 12
185 50 4 11
186 43 4 11
187 42 5 11
188 45 5 12
189 42 5 9
190 42 4 14
191 38 5 15
192 40 5 13
193 44 6 13
194 44 6 14
195 44 5 9
196 44 5 15
197 44 4 11
198 44 3 13
199 45 3 9
200 43 4 10
201 47 5 15
202 49 6 13
203 49 5 13
204 49 5 15
205 48 6 16
206 49 6 14
207 52 5 14
208 51 6 15
209 43 6 12
210 48 5 12
211 51 4 15
212 53 5 14
213 50 6 14
214 52 6 11
215 53 6 14
216 48 4 15
217 48 5 14
218 48 5 11
219 45 4 12
220 47 4 14
221 49 6 14
222 48 6 12
223 45 5 13
224 46 4 15
225 49 4 14
226 49 5 14
227 46 5 13
228 46 4 13
229 45 4 13
230 45 4 14
231 48 4 11
232 51 4 11
233 51 5 13
234 51 4 9
235 49 4 11
236 49 4 10
237 49 4 12
238 49 5 9
239 49 6 11
240 46 5 13
241 49 5 16
242 51 5 14
243 48 6 16
244 50 6 12
245 47 6 14
246 51 5 14
247 50 4 14
248 51 4 16
249 51 5 15
250 51 5 13
251 48 5 13
252 51 6 15
253 52 5 12
254 53 5 14
255 52 4 11
256 50 4 14
257 51 5 16
258 48 4 16
259 52 5 12
260 50 5 11
261 53 4 15
262 51 4 16
263 51 4 15
264 54 4 13
265 54 4 15
266 59 5 15
267 58 4 12
268 58 4 13
269 58 4 14
270 57 4 12
271 53 4 15
272 52 5 15
273 53 4 10
274 52 4 10
275 56 4 13
276 54 4 14
277 56 4 12
278 58 4 12
279 59 4 15
280 60 5 14
281 62 5 14
282 64 6 13
283 62 7 15
284 62 6 10
285 63 6 14
286 63 6 14
287 62 6 14
288 64 6 15
289 60 7 15
290 61 6 15
291 54 7 13
292 56 6 15
293 56 6 15
294 56 6 15
295 59 6 14
296 60 6 15
297 61 8 13
298 60 7 11
299 59 6 9
300 63 6 13
301 60 7 16
302 59 7 15
303 57 6 15
304 56 6 15
305 59 6 15
306 58 7 14
307 54 6 14
308 55 6 14
309 53 6 16
310 55 6 15
311 55 5 15
312 60 6 16
313 56 6 15
314 53 6 16
315 59 6 15
316 60 7 15
317 62 6 14
318 61 5 11
319 61 6 13
320 60 6 14
321 61 7 15
322 60 6 15
323 59 6 16
324 58 6 13
325 58 6 15
326 57 6 13
327 58 6 13
328 56 5 14
329 56 6 14
330 55 7 13
331 52 7 15
332 60 6 13
333 56 6 14
334 57 6 14
335 60 5 15
336 59 7 14
337 58 5 13
338 58 5 13
339 57 5 14
340 58 5 14
341 59 6 12
342 59 6 11
343 59 6 15
344 59 6 15
345 55 5 10
346 56 6 11
347 57 6 11
348 61 7 13
349 58 6 10
350 54 7 9
351 54 6 13
352 58 6 12
353 58 6 12
354 54 6 13
355 57 7 10
356 58 6 12
357 58 6 14
358 59 6 9
359 57 6 10
360 54 6 9
361 58 6 12
362 60 6 14
363 59 6 14
364 59 6 14
365 59 6 15
366 60 6 15
367 59 7 14
368 59 6 14
369 61 6 14
370 59 6 15
371 59 6 15
372 57 6 15
373 59 6 15
374 56 7 14
375 56 6 14
376 60 6 14
377 57 6 15
378 59 6 13
379 63 6 13
380 63 6 13
381 61 6 15
382 64 6 15
383 63 6 13
384 62 6 15
385 61 6 15
386 58 6 13
387 62 7 13
388 54 6 15
389 59 7 14
390 60 7 14
391 58 7 14
392 60 8 14
393 63 8 14
394 63 6 13
395 62 7 14
396 61 7 14
397 63 7 13
398 59 7 12
399 62 7 12
400 61 6 12
