0 0 0 0
1 0 0 0
2 0 0 0
3 0 0 0
4 0 0 0
5 0 0 0
6 0 0 0
7 0 0 0
8 0 0 0
9 1 0 0
10 1 0 0
11 1 0 0
12 1 0 0
13 1 0 0
14 1 0 0
15 1 0 0
16 1 0 0
17 1 0 0
18 2 0 0
19 1 0 0
20 2 0 0
21 2 0 0
22 3 0 0
23 3 0 0
24 4 0 0
25 3 0 0
26 6 0 0
27 6 0 0
28 6 0 0
29 4 0 0
30 7 0 0
31 7 0 0
32 6 0 0
33 9 0 0
34 10 0 0
35 9 0 0
36 9 0 0
37 8 0 0
38 8 0 0
39 10 0 0
40 9 0 0
41 9 0 0
42 11 0 0
43 11 0 0
44 10 0 0
45 10 0 0
46 11 0 0
47 10 0 0
48 10 0 0
49 8 0 0
50 11 0 0
51 9 0 0
52 13 0 0
53 12 0 0
54 13 0 0
55 17 0 0
56 16 0 0
57 14 0 0
58 15 0 0
59 17 0 0
60 15 0 0
61 19 0 0
62 18 0 0
63 16 0 0
64 18 0 0
65 20 0 0
66 15 0 0
67 18 0 0
68 18 0 0
69 19 0 0
70 17 0 0
71 19 0 0
72 18 0 0
73 21 0 0
74 21 0 0
75 19 0 0
76 19 0 0
77 20 0 0
78 19 0 0
79 18 0 0
80 22 0 0
81 23 0 0
82 22 0 0
83 21 0 0
84 20 0 0
85 23 0 0
86 22 0 0
87 20 0 0
88 22 0 0
89 22 0 0
90 23 0 0
91 23 0 0
92 21 0 0
93 23 0 0
94 22 0 0
95 23 0 0
96 22 0 0
97 22 0 0
98 23 0 0
99 21 0 0
100 22 0 0
101 24 0 0
102 23 0 0
103 22 0 0
104 21 0 0
105 20 0 0
106 18 0 0
107 19 0 0
108 19 0 0
109 19 0 0
110 22 0 0
111 22 0 0
112 21 0 0
113 21 0 0
114 20 0 0
115 19 0 0
116 20 0 0
117 20 0 0
118 20 0 0
119 22 0 0
120 24 0 0
121 22 0 0
122 19 0 0
123 16 0 0
124 17 0 0
125 19 0 0
126 18 0 0
127 19 0 0
128 20 0 0
129 21 0 0
130 23 0 0
131 22 0 0
132 23 0 0
133 24 0 0
134 20 0 0
135 19 0 0
136 20 0 0
137 21 0 0
138 21 0 0
139 19 0 0
140 19 0 0
141 19 0 0
142 19 0 0
143 18 0 0
144 19 0 0
145 21 0 0
146 20 0 0
147 21 0 0
148 21 0 0
149 19 0 0
150 22 0 0
151 21 0 0
152 23 0 0
153 23 0 0
154 21 0 0
155 19 0 0
156 21 0 0
157 22 0 0
158 22 0 0
159 23 0 0
160 24 0 0
161 21 0 0
162 20 0 0
163 22 0 0
164 21 0 0
165 20 0 0
166 19 0 0
167 17 0 0
168 21 0 0
169 23 0 1
170 25 0 0
171 24 0 0
172 22 0 0
173 22 0 0
174 23 0 0
175 24 0 1
176 22 0 0
177 23 0 0
178 25 0 0
179 24 0 0
180 23 0 1
181 21 0 0
182 22 0 0
183 22 0 1
184 25 0 1
185 25 0 0
186 24 0 0
187 26 0 0
188 23 0 1
189 24 0 0
190 23 0 0
191 23 0 0
192 23 0 0
193 21 0 1
194 22 0 0
195 22 0 0
196 22 0 0
197 19 0 1
198 22 0 0
199 23 0 0
200 24 0 0
201 21 0 1
202 21 0 0
203 22 0 0
204 23 0 0
205 22 0 0
206 22 0 1
207 19 0 0
208 21 0 0
209 20 0 1
210 24 0 1
211 22 0 0
212 26 0 1
213 24 0 0
214 22 0 0
215 19 0 1
216 20 0 1
217 20 0 1
218 22 0 1
219 23 0 1
220 24 0 1
221 23 0 0
222 21 0 1
223 19 0 1
224 24 0 0
225 23 0 0
226 21 0 1
227 20 1 1
228 22 1 1
229 24 1 1
230 24 1 0
231 27 1 1
232 27 0 1
233 26 0 1
234 25 0 1
235 22 1 0
236 21 1 1
237 23 1 1
238 24 1 1
239 21 1 1
240 24 1 1
241 23 1 0
242 22 1 1
243 22 1 1
244 25 0 1
245 25 1 1
246 26 1 2
247 24 1 1
248 21 1 1
249 21 1 2
250 22 1 2
251 24 1 1
252 22 1 2
253 22 1 1
254 20 1 1
255 20 1 1
256 20 1 1
257 22 1 1
258 21 1 1
259 19 1 2
260 20 1 0
261 20 1 1
262 21 1 1
263 25 1 0
264 25 1 0
265 25 1 0
266 23 1 0
267 24 1 0
268 23 1 1
269 24 1 2
270 22 1 1
271 23 1 1
272 22 1 2
273 22 0 1
274 22 1 1
275 20 1 0
276 20 1 1
277 18 1 2
278 18 1 1
279 20 1 1
280 22 1 1
281 21 1 2
282 23 1 2
283 23 1 1
284 23 1 2
285 20 0 2
286 21 1 2
287 24 1 1
288 22 1 2
289 24 1 1
290 23 1 1
291 23 1 2
292 24 1 1
293 24 1 2
294 24 1 1
295 25 1 1
296 25 1 2
297 25 1 1
298 25 1 2
299 25 0 2
300 25 1 1
301 25 1 2
302 26 1 2
303 25 1 2
304 18 1 2
305 21 1 2
306 22 1 2
307 24 1 2
308 27 0 2
309 27 0 2
310 26 0 2
311 30 0 2
312 28 0 2
313 27 0 2
314 29 0 2
315 28 0 2
316 30 0 2
317 29 0 2
318 24 0 2
319 24 0 2
320 23 0 2
321 26 0 2
322 26 0 2
323 26 0 2
324 25 0 2
325 26 0 2
326 29 0 2
327 29 0 2
328 26 0 2
329 25 0 2
330 26 0 2
331 26 0 2
332 27 0 2
333 26 0 2
334 23 0 2
335 26 0 2
336 24 0 2
337 22 0 2
338 23 0 2
339 26 0 2
340 28 0 2
341 26 0 2
342 23 0 2
343 24 0 2
344 24 0 2
345 25 0 2
346 26 0 2
347 24 0 2
348 23 1 2
349 24 1 1
350 23 1 3
351 22 0 2
352 24 1 2
353 23 1 1
354 23 1 3
355 26 1 2
356 24 1 2
357 26 1 2
358 25 1 3
359 30 1 3
360 29 1 3
361 28 1 3
362 27 1 3
363 30 1 3
364 27 1 3
365 27 1 3
366 27 1 3
367 27 1 3
368 27 1 3
369 31 1 3
370 28 1 3
371 30 1 3
372 28 1 3
373 26 1 3
374 27 1 3
375 25 1 3
376 28 0 3
377 28 1 3
378 28 1 3
379 28 1 3
380 27 1 3
381 23 1 3
382 24 0 3
383 28 1 3
384 29 1 3
385 29 1 3
386 29 1 3
387 30 1 3
388 31 1 3
389 29 1 3
390 29 1 3
391 29 1 3
392 32 1 3
393 31 1 3
394 26 1 3
395 25 1 3
396 26 1 2
397 26 1 3
398 25 1 2
399 27 1 3
400 25 0 3
