0 0 0 0
1 0 0 0
2 0 0 0
3 0 0 0
4 0 0 0
5 0 0 0
6 0 0 0
7 0 0 0
8 0 0 0
9 1 0 0
10 1 0 0
11 1 0 0
12 2 0 0
13 2 0 0
14 2 0 0
15 1 0 0
16 1 0 0
17 1 0 0
18 1 0 0
19 3 0 0
20 2 0 0
21 2 0 0
22 2 0 0
23 3 0 0
24 4 0 0
25 4 0 0
26 3 0 0
27 4 0 0
28 4 0 0
29 4 0 0
30 4 0 0
31 3 0 0
32 5 0 0
33 5 0 0
34 5 0 0
35 6 0 0
36 5 0 0
37 7 0 0
38 6 0 0
39 5 0 0
40 6 0 0
41 5 0 0
42 8 0 0
43 8 0 0
44 7 0 0
45 6 0 0
46 8 0 0
47 8 0 0
48 8 0 0
49 9 0 0
50 10 0 0
51 11 0 0
52 10 0 0
53 8 0 0
54 12 0 0
55 12 0 0
56 10 0 0
57 12 0 0
58 9 0 0
59 11 0 0
60 11 0 0
61 10 0 0
62 10 0 0
63 13 0 0
64 12 0 0
65 12 0 0
66 11 0 0
67 10 0 0
68 12 0 0
69 11 0 0
70 11 0 0
71 13 0 0
72 13 0 0
73 16 0 0
74 12 0 0
75 12 0 0
76 13 0 0
77 12 0 0
78 13 0 0
79 14 0 0
80 13 0 0
81 15 0 0
82 15 0 0
83 14 0 0
84 13 0 0
85 15 0 0
86 17 0 0
87 16 0 0
88 14 0 0
89 13 0 0
90 13 0 0
91 16 0 0
92 17 0 0
93 19 0 0
94 15 0 0
95 16 0 0
96 15 0 0
97 15 0 0
98 16 0 0
99 16 0 0
100 14 0 0
101 13 0 0
102 12 0 0
103 11 0 0
104 12 0 0
105 13 0 0
106 14 0 0
107 13 0 0
108 14 0 0
109 14 0 0
110 11 0 0
111 10 0 0
112 11 0 0
113 10 0 0
114 12 0 0
115 14 0 0
116 15 0 0
117 16 0 0
118 15 0 0
119 16 0 0
120 16 0 0
121 17 0 0
122 15 0 0
123 14 0 0
124 11 0 0
125 9 0 0
126 12 0 0
127 10 0 0
128 15 0 0
129 16 0 0
130 16 0 0
131 15 0 0
132 16 0 0
133 14 0 0
134 13 0 0
135 14 0 0
136 13 0 0
137 14 0 0
138 14 0 0
139 14 0 0
140 16 0 0
141 16 0 0
142 15 0 0
143 15 0 0
144 17 0 0
145 17 0 1
146 16 0 0
147 16 0 1
148 15 0 2
149 12 0 0
150 11 0 0
151 15 0 2
152 14 0 0
153 16 0 0
154 15 0 0
155 17 0 1
156 18 0 0
157 16 0 2
158 13 0 1
159 11 0 0
160 13 0 2
161 16 0 2
162 16 0 2
163 17 0 2
164 18 0 2
165 17 0 2
166 18 0 2
167 17 0 2
168 18 0 1
169 17 0 2
170 17 0 2
171 20 0 2
172 18 0 2
173 18 0 2
174 17 0 2
175 15 0 2
176 16 0 2
177 12 0 2
178 13 0 2
179 14 0 2
180 14 0 2
181 14 0 2
182 15 0 1
183 15 0 2
184 13 0 2
185 12 0 2
186 12 0 1
187 13 0 1
188 13 0 1
189 14 0 2
190 14 0 1
191 17 0 2
192 16 0 3
193 16 0 2
194 16 0 2
195 16 0 1
196 16 0 2
197 15 0 3
198 13 0 3
199 16 0 2
200 16 0 2
201 18 0 2
202 16 0 4
203 17 0 4
204 17 0 4
205 16 0 3
206 14 0 3
207 13 0 3
208 16 0 3
209 17 0 3
210 19 0 3
211 20 0 4
212 17 0 4
213 20 0 3
214 16 0 3
215 15 0 3
216 15 0 2
217 14 0 3
218 14 0 3
219 15 0 4
220 15 0 2
221 16 0 3
222 17 0 4
223 15 0 5
224 16 0 5
225 15 0 5
226 14 0 5
227 13 0 3
228 15 0 2
229 14 0 4
230 14 0 3
231 15 0 4
232 15 0 4
233 15 0 4
234 14 0 4
235 16 0 4
236 16 0 4
237 16 0 4
238 17 0 4
239 18 0 4
240 16 0 5
241 17 0 3
242 16 0 3
243 14 0 5
244 15 0 5
245 16 0 4
246 15 0 3
247 17 0 3
248 18 0 5
249 17 0 3
250 14 0 4
251 14 0 4
252 17 0 4
253 18 0 4
254 16 0 4
255 18 0 5
256 20 0 5
257 20 0 5
258 18 0 5
259 18 0 4
260 17 0 3
261 17 0 3
262 17 0 4
263 20 0 5
264 20 0 5
265 22 0 5
266 20 0 4
267 18 0 4
268 19 0 5
269 18 0 5
270 18 0 4
271 17 0 4
272 18 0 5
273 17 0 5
274 14 0 4
275 15 0 4
276 17 0 4
277 14 0 5
278 16 0 5
279 16 0 4
280 20 0 4
281 19 0 4
282 17 0 5
283 18 0 5
284 15 0 3
285 18 0 4
286 20 0 5
287 17 0 5
288 17 0 4
289 16 0 4
290 15 0 4
291 18 0 5
292 21 0 5
293 21 0 4
294 21 0 3
295 20 0 3
296 20 0 4
297 19 0 4
298 20 0 3
299 18 0 3
300 17 0 4
301 20 0 4
302 19 0 4
303 19 0 3
304 18 0 3
305 19 0 3
306 20 0 4
307 21 0 5
308 23 0 4
309 20 0 4
310 17 0 4
311 19 0 5
312 19 0 5
313 20 0 4
314 22 0 4
315 20 0 4
316 20 0 5
317 20 0 4
318 18 0 3
319 16 0 4
320 21 0 4
321 22 0 5
322 21 0 4
323 23 0 4
324 23 0 4
325 22 0 6
326 21 0 5
327 21 0 5
328 21 0 4
329 21 0 5
330 21 0 4
331 21 0 4
332 22 0 4
333 20 0 5
334 23 0 2
335 24 0 4
336 24 0 4
337 24 0 2
338 21 0 4
339 20 0 4
340 20 0 5
341 19 0 5
342 19 0 5
343 19 0 6
344 17 0 5
345 18 0 5
346 20 0 5
347 20 0 5
348 19 0 5
349 22 0 5
350 21 0 4
351 22 0 4
352 20 0 4
353 19 0 3
354 18 0 5
355 20 0 5
356 17 0 5
357 15 0 6
358 17 0 4
359 19 0 5
360 19 0 5
361 22 0 5
362 21 0 5
363 21 0 6
364 22 0 5
365 24 0 5
366 29 0 5
367 29 0 6
368 30 0 5
369 27 0 5
370 27 0 4
371 23 0 4
372 26 0 5
373 24 0 4
374 25 0 4
375 24 0 4
376 25 0 4
377 25 0 4
378 23 0 4
379 24 0 5
380 24 0 4
381 22 0 5
382 22 0 4
383 21 0 5
384 19 0 6
385 20 0 4
386 22 0 3
387 20 0 4
388 24 0 5
389 23 0 4
390 24 0 4
391 27 0 4
392 27 0 4
393 26 0 5
394 26 0 6
395 22 0 5
396 23 0 6
397 21 0 5
398 24 0 5
399 21 0 6
400 22 0 5
