0 0 0 0
1 0 0 0
2 0 0 0
3 0 0 0
4 0 0 0
5 0 0 0
6 0 0 0
7 0 0 0
8 0 0 0
9 0 0 0
10 0 0 0
11 1 0 0
12 2 0 0
13 1 0 0
14 1 0 0
15 2 0 0
16 2 0 0
17 1 0 0
18 1 0 0
19 1 0 0
20 2 0 0
21 2 0 0
22 1 0 0
23 3 0 0
24 1 0 0
25 2 0 0
26 4 0 0
27 5 0 0
28 5 0 0
29 8 0 0
30 7 0 0
31 8 0 0
32 10 0 0
33 10 0 0
34 14 0 0
35 11 0 0
36 9 0 0
37 11 0 0
38 11 0 0
39 10 0 0
40 9 1 0
41 11 0 0
42 13 0 0
43 16 0 0
44 14 0 0
45 14 0 0
46 16 0 0
47 15 0 0
48 14 0 0
49 15 0 0
50 17 1 0
51 19 1 0
52 17 1 0
53 17 1 0
54 17 2 0
55 17 1 0
56 17 1 0
57 14 2 0
58 17 1 0
59 19 0 0
60 19 1 0
61 20 0 0
62 18 0 0
63 18 1 0
64 18 1 0
65 22 0 0
66 21 0 0
67 19 1 0
68 20 0 0
69 19 0 0
70 18 0 0
71 21 0 0
72 21 1 0
73 21 1 0
74 21 0 0
75 21 0 0
76 21 0 0
77 19 1 0
78 20 0 0
79 23 0 0
80 20 1 0
81 23 0 0
82 20 0 0
83 19 0 0
84 23 1 0
85 22 0 0
86 24 1 0
87 22 0 0
88 23 0 0
89 24 0 0
90 23 0 0
91 21 1 0
92 21 1 0
93 22 0 0
94 22 0 0
95 24 1 0
96 21 0 0
97 20 0 0
98 23 1 0
99 24 0 0
100 23 0 0
101 23 0 0
102 22 0 0
103 22 0 0
104 20 0 0
105 22 0 0
106 23 0 0
107 22 0 0
108 21 0 0
109 21 0 0
110 21 0 0
111 23 0 0
112 24 0 0
113 24 0 0
114 25 0 0
115 25 0 0
116 24 0 0
117 23 0 0
118 23 0 0
119 23 0 0
120 23 0 0
121 23 0 0
122 23 0 0
123 24 1 0
124 22 1 0
125 20 1 0
126 21 1 0
127 20 1 0
128 20 1 1
129 20 1 0
130 22 1 0
131 23 1 0
132 24 1 1
133 23 1 0
134 23 1 0
135 24 1 1
136 24 1 0
137 26 1 0
138 25 1 1
139 23 1 0
140 22 1 0
141 24 1 1
142 24 1 0
143 24 1 1
144 23 1 1
145 22 1 1
146 22 1 0
147 23 1 0
148 21 1 1
149 21 1 1
150 22 1 1
151 23 1 1
152 25 1 0
153 24 1 1
154 24 1 0
155 24 1 1
156 24 1 1
157 23 1 1
158 21 1 1
159 19 1 1
160 20 1 1
161 22 1 1
162 22 1 1
163 22 1 1
164 23 1 1
165 23 1 1
166 24 1 1
167 25 1 1
168 24 1 1
169 22 1 1
170 21 1 1
171 20 1 1
172 21 1 1
173 22 1 1
174 22 1 1
175 23 1 1
176 21 1 1
177 23 1 1
178 26 1 0
179 26 1 0
180 26 1 1
181 24 1 0
182 23 1 1
183 24 1 1
184 25 1 1
185 25 1 1
186 25 1 1
187 27 1 1
188 26 0 2
189 23 1 1
190 25 1 1
191 24 1 2
192 24 1 0
193 28 1 0
194 27 1 1
195 24 1 1
196 25 1 1
197 27 1 2
198 27 1 1
199 27 1 1
200 27 1 1
201 28 1 1
202 27 1 1
203 28 1 2
204 28 1 1
205 26 1 0
206 24 1 1
207 24 1 1
208 25 1 1
209 27 1 0
210 29 1 1
211 27 1 1
212 25 1 1
213 24 1 1
214 23 1 1
215 23 1 2
216 22 1 2
217 22 1 1
218 23 1 1
219 25 1 0
220 29 1 2
221 30 1 1
222 29 1 2
223 30 1 2
224 30 1 1
225 29 1 2
226 27 1 2
227 27 1 2
228 28 1 2
229 29 1 2
230 29 1 3
231 27 1 2
232 26 1 2
233 29 1 3
234 30 1 1
235 29 1 0
236 28 1 1
237 26 1 2
238 31 1 3
239 30 1 2
240 31 1 3
241 31 1 3
242 28 1 3
243 28 1 3
244 29 1 3
245 28 1 2
246 34 2 2
247 33 1 1
248 32 1 3
249 31 1 2
250 27 1 2
251 28 1 3
252 31 1 2
253 29 1 2
254 31 1 2
255 30 1 3
256 29 1 3
257 28 1 3
258 27 1 2
259 27 1 3
260 30 1 3
261 29 1 3
262 31 2 3
263 29 1 2
264 30 2 2
265 29 1 1
266 30 2 4
267 30 1 1
268 30 1 3
269 28 1 2
270 28 1 1
271 26 1 3
272 28 2 2
273 27 1 3
274 28 1 4
275 27 1 4
276 27 1 4
277 26 1 4
278 28 1 3
279 29 1 4
280 28 2 3
281 31 1 3
282 31 1 4
283 29 1 4
284 29 1 3
285 29 1 4
286 29 1 3
287 29 1 3
288 28 1 4
289 26 1 3
290 30 2 3
291 30 1 3
292 29 2 4
293 30 2 4
294 29 1 3
295 30 2 4
296 29 2 3
297 30 2 2
298 25 1 4
299 27 2 3
300 27 2 3
301 31 2 2
302 29 2 4
303 30 1 3
304 28 2 3
305 31 2 3
306 29 2 3
307 28 2 4
308 27 2 4
309 29 2 4
310 31 1 4
311 28 1 2
312 31 2 4
313 30 1 4
314 30 1 4
315 31 1 3
316 32 1 4
317 33 2 4
318 33 2 4
319 32 2 4
320 33 2 4
321 34 2 4
322 32 2 4
323 32 2 4
324 32 2 4
325 31 2 4
326 33 2 4
327 33 2 4
328 33 2 4
329 34 2 4
330 34 2 4
331 35 2 4
332 35 2 4
333 35 2 4
334 35 2 4
335 34 2 4
336 33 2 4
337 32 2 4
338 31 2 4
339 30 2 4
340 31 2 4
341 29 2 4
342 30 2 2
343 29 2 3
344 34 2 4
345 32 2 4
346 34 2 4
347 35 2 4
348 33 2 4
349 34 2 4
350 31 2 4
351 31 1 4
352 32 2 4
353 31 2 4
354 31 2 4
355 33 2 4
356 35 2 4
357 33 2 4
358 36 2 4
359 34 2 4
360 33 2 4
361 33 1 4
362 34 2 4
363 33 1 4
364 34 2 4
365 32 2 4
366 30 2 4
367 30 2 4
368 30 2 4
369 28 2 4
370 33 2 4
371 32 2 4
372 31 2 4
373 30 2 3
374 32 2 4
375 33 2 4
376 35 1 4
377 33 2 4
378 34 2 4
379 32 2 4
380 31 2 4
381 30 2 4
382 33 2 4
383 32 2 4
384 32 2 4
385 33 2 4
386 32 1 4
387 28 1 4
388 31 2 4
389 32 2 4
390 33 2 4
391 33 1 4
392 33 2 4
393 30 1 4
394 29 2 4
395 28 1 4
396 28 1 4
397 29 1 4
398 31 2 2
399 32 1 3
400 33 1 4
