0 0 0 0
1 0 0 0
2 0 0 0
3 0 0 0
4 0 0 0
5 0 0 0
6 0 0 0
7 0 0 0
8 0 0 0
9 0 0 0
10 0 0 0
11 1 0 0
12 1 0 0
13 2 0 0
14 3 0 0
15 2 0 0
16 3 0 0
17 3 0 0
18 4 0 0
19 5 0 0
20 4 0 0
21 4 0 0
22 4 0 0
23 7 0 0
24 6 0 0
25 5 0 0
26 6 0 0
27 5 0 0
28 8 0 0
29 8 0 0
30 6 0 0
31 7 0 0
32 7 0 0
33 6 0 0
34 10 0 0
35 10 0 0
36 10 0 0
37 10 0 0
38 9 0 0
39 10 0 0
40 11 0 0
41 11 0 0
42 14 0 0
43 12 0 0
44 14 0 0
45 14 0 0
46 15 0 0
47 15 0 0
48 14 0 0
49 12 0 0
50 12 0 0
51 14 0 0
52 14 0 0
53 15 0 0
54 14 0 0
55 16 0 0
56 15 0 0
57 15 0 0
58 16 0 0
59 16 0 0
60 15 0 0
61 15 0 0
62 16 0 0
63 15 0 0
64 17 0 0
65 19 0 0
66 19 0 0
67 20 0 0
68 20 0 0
69 19 0 0
70 17 0 0
71 20 0 0
72 18 0 0
73 18 0 0
74 20 0 0
75 20 0 0
76 17 0 0
77 19 0 0
78 19 0 0
79 18 0 0
80 17 0 0
81 18 0 0
82 22 0 0
83 22 0 0
84 21 0 0
85 20 0 0
86 20 0 0
87 21 0 0
88 21 0 0
89 23 0 0
90 22 0 0
91 21 0 0
92 21 0 0
93 23 0 0
94 22 0 0
95 22 0 0
96 22 0 0
97 22 0 0
98 22 0 0
99 22 0 0
100 24 0 0
101 25 0 0
102 24 0 0
103 23 0 0
104 24 0 0
105 24 0 0
106 24 0 0
107 24 0 0
108 23 0 0
109 23 0 0
110 22 0 0
111 22 0 0
112 22 0 0
113 22 0 0
114 21 0 0
115 20 0 0
116 18 0 0
117 21 0 0
118 21 0 0
119 21 0 0
120 19 0 0
121 20 0 0
122 22 0 0
123 21 0 0
124 18 0 0
125 18 0 0
126 20 0 0
127 21 0 0
128 23 0 0
129 25 0 0
130 25 0 0
131 25 0 0
132 23 0 0
133 24 0 0
134 22 0 0
135 22 0 0
136 22 0 0
137 22 0 1
138 22 0 0
139 22 0 0
140 23 0 0
141 22 0 0
142 21 0 1
143 20 0 1
144 20 0 0
145 23 0 1
146 23 0 0
147 21 0 2
148 22 0 2
149 22 0 2
150 20 0 1
151 20 0 2
152 20 0 2
153 20 0 2
154 20 0 2
155 20 0 2
156 21 0 2
157 21 0 1
158 21 0 2
159 21 0 2
160 21 0 1
161 21 0 2
162 20 0 2
163 20 0 1
164 19 0 2
165 20 0 2
166 21 0 1
167 21 0 2
168 23 0 2
169 23 0 1
170 23 0 2
171 24 0 2
172 21 0 1
173 23 0 2
174 23 0 1
175 23 0 1
176 24 0 2
177 22 0 1
178 22 0 2
179 24 0 2
180 24 0 1
181 24 0 2
182 23 0 2
183 24 0 1
184 24 0 3
185 26 0 1
186 22 0 2
187 26 0 2
188 27 0 3
189 26 0 2
190 24 0 3
191 24 0 2
192 23 0 3
193 20 0 2
194 21 0 3
195 21 0 1
196 22 0 3
197 22 0 2
198 23 0 2
199 22 0 2
200 22 0 2
201 23 0 3
202 24 0 2
203 24 0 3
204 23 0 2
205 22 0 3
206 23 0 2
207 24 0 2
208 25 0 3
209 23 0 2
210 25 0 3
211 26 0 3
212 26 0 2
213 25 0 2
214 24 0 3
215 25 0 3
216 24 0 3
217 22 0 4
218 20 0 4
219 19 0 2
220 18 0 2
221 22 0 2
222 23 0 3
223 24 0 4
224 26 0 4
225 25 0 3
226 27 0 3
227 28 0 3
228 30 0 4
229 30 0 4
230 32 0 2
231 32 0 3
232 26 0 3
233 28 0 3
234 27 0 2
235 27 0 4
236 28 0 4
237 28 0 3
238 28 0 3
239 30 0 3
240 29 0 3
241 29 0 4
242 30 0 3
243 32 0 3
244 31 0 1
245 30 0 4
246 30 0 5
247 29 0 4
248 28 0 3
249 25 0 5
250 26 0 6
251 29 0 5
252 28 0 4
253 29 0 4
254 28 0 5
255 30 0 4
256 30 0 2
257 30 0 3
258 29 0 6
259 28 0 6
260 30 0 4
261 28 0 4
262 27 0 3
263 28 0 7
264 30 0 6
265 32 0 5
266 33 0 4
267 31 0 5
268 29 0 5
269 31 0 6
270 30 0 6
271 29 0 5
272 28 0 5
273 31 0 6
274 32 0 6
275 32 0 5
276 32 0 6
277 31 0 5
278 31 0 6
279 31 0 7
280 27 0 6
281 28 0 6
282 30 0 6
283 30 0 5
284 33 0 5
285 32 0 7
286 32 0 6
287 33 0 8
288 33 0 7
289 30 0 7
290 32 0 8
291 32 0 7
292 31 0 8
293 30 0 7
294 31 0 7
295 32 0 8
296 32 0 9
297 32 0 9
298 32 0 7
299 35 0 6
300 33 0 6
301 34 0 7
302 35 0 7
303 34 0 7
304 32 0 3
305 31 0 6
306 31 0 6
307 33 0 8
308 31 0 8
309 32 0 8
310 29 0 7
311 33 0 7
312 31 0 7
313 32 0 7
314 32 0 6
315 32 0 6
316 31 0 7
317 35 0 9
318 35 0 6
319 34 0 7
320 34 0 8
321 36 0 7
322 35 0 8
323 37 0 9
324 34 0 9
325 31 0 9
326 34 0 9
327 30 0 6
328 34 0 6
329 31 0 5
330 34 0 5
331 34 0 6
332 36 0 6
333 36 0 5
334 36 0 7
335 35 0 6
336 33 0 6
337 28 0 7
338 30 0 6
339 30 0 6
340 29 1 5
341 37 0 8
342 34 0 8
343 34 1 8
344 40 0 6
345 42 0 6
346 42 1 6
347 43 0 8
348 40 0 4
349 39 0 5
350 39 1 6
351 38 0 7
352 35 0 8
353 34 1 5
354 31 1 5
355 32 1 7
356 34 1 4
357 30 1 7
358 35 1 8
359 35 1 8
360 41 1 7
361 40 1 6
362 40 1 8
363 42 1 7
364 39 1 7
365 38 1 7
366 33 1 6
367 37 1 6
368 36 0 6
369 38 0 4
370 40 0 5
371 36 0 7
372 37 0 6
373 36 0 5
374 34 1 6
375 35 0 7
376 38 1 7
377 40 1 7
378 36 1 5
379 39 1 6
380 41 1 5
381 40 1 5
382 39 1 6
383 36 0 5
384 33 0 7
385 36 0 5
386 37 0 7
387 37 1 7
388 40 0 6
389 41 0 6
390 38 0 6
391 37 0 5
392 39 0 5
393 40 0 6
394 39 0 6
395 41 1 6
396 39 1 7
397 38 0 7
398 37 0 7
399 39 1 6
400 39 1 5
