0 0 0 0
1 0 0 0
2 0 0 0
3 0 0 0
4 0 0 0
5 0 0 0
6 0 0 0
7 0 0 0
8 0 0 0
9 0 0 0
10 0 0 0
11 0 0 0
12 0 0 0
13 0 0 0
14 1 0 0
15 2 0 0
16 1 0 0
17 0 0 0
18 0 0 0
19 1 0 0
20 2 0 0
21 2 0 0
22 2 0 0
23 3 0 0
24 3 0 0
25 4 0 0
26 2 0 0
27 4 0 1
28 6 0 1
29 5 0 1
30 4 0 1
31 4 0 0
32 5 0 0
33 2 0 0
34 6 0 1
35 6 0 1
36 4 0 0
37 3 0 1
38 5 0 1
39 8 0 1
40 8 0 1
41 10 0 1
42 10 0 1
43 9 0 1
44 8 0 1
45 9 0 0
46 9 0 1
47 10 0 0
48 11 0 1
49 10 0 1
50 9 0 0
51 8 0 1
52 11 0 1
53 10 0 0
54 11 0 0
55 12 0 0
56 10 0 1
57 12 0 1
58 9 0 1
59 10 0 0
60 12 0 1
61 13 0 1
62 13 0 1
63 9 0 0
64 10 0 0
65 9 0 1
66 14 0 1
67 13 0 1
68 14 0 0
69 11 0 1
70 9 0 1
71 11 0 1
72 12 0 1
73 15 0 1
74 15 0 1
75 15 0 1
76 11 0 0
77 14 0 1
78 16 0 1
79 14 0 0
80 13 0 0
81 15 0 0
82 15 0 1
83 13 0 1
84 15 0 1
85 14 0 0
86 15 0 0
87 17 0 1
88 18 0 1
89 16 0 1
90 16 0 1
91 14 0 1
92 16 0 1
93 17 0 0
94 17 0 1
95 15 0 1
96 15 0 0
97 15 0 0
98 17 0 1
99 17 0 1
100 16 0 1
101 15 0 1
102 15 0 0
103 14 0 1
104 14 0 1
105 14 0 1
106 13 0 1
107 14 0 1
108 15 0 1
109 16 0 1
110 16 0 1
111 15 0 1
112 16 0 1
113 15 0 1
114 16 0 1
115 17 0 1
116 16 0 1
117 14 0 1
118 15 0 1
119 15 0 1
120 16 0 1
121 13 0 1
122 14 0 1
123 12 0 1
124 11 0 1
125 9 0 1
126 11 0 1
127 12 0 1
128 14 0 1
129 16 0 1
130 15 0 1
131 15 0 1
132 16 0 1
133 16 0 1
134 15 0 1
135 13 0 1
136 11 0 1
137 13 0 1
138 15 0 1
139 15 0 1
140 14 0 1
141 12 0 1
142 12 0 1
143 15 0 1
144 17 0 1
145 16 0 1
146 15 0 1
147 15 0 1
148 13 0 1
149 13 0 1
150 15 0 1
151 13 0 1
152 11 0 1
153 11 0 1
154 11 0 1
155 10 0 1
156 11 0 1
157 11 0 1
158 11 0 1
159 12 0 1
160 11 0 1
161 12 0 1
162 15 0 1
163 14 0 1
164 15 0 1
165 14 0 1
166 14 0 1
167 16 0 1
168 15 0 1
169 15 0 1
170 15 0 1
171 12 0 1
172 11 0 1
173 12 0 1
174 11 0 1
175 10 0 1
176 12 0 2
177 13 0 2
178 15 0 2
179 12 0 1
180 12 0 1
181 11 0 1
182 14 0 2
183 16 0 2
184 16 0 3
185 13 0 3
186 11 0 3
187 12 0 3
188 10 0 2
189 14 0 2
190 16 0 2
191 13 0 3
192 14 0 4
193 13 0 3
194 13 0 2
195 13 0 2
196 13 0 2
197 13 0 3
198 12 0 3
199 11 0 3
200 12 0 3
201 11 0 4
202 16 0 3
203 13 0 2
204 15 0 2
205 16 0 3
206 18 0 4
207 17 0 3
208 17 0 3
209 16 0 3
210 17 0 4
211 16 0 4
212 14 0 3
213 14 0 3
214 14 0 3
215 13 0 4
216 15 0 4
217 16 0 2
218 17 0 2
219 16 0 4
220 14 0 4
221 17 0 3
222 18 0 2
223 19 0 3
224 18 0 3
225 17 0 3
226 16 0 4
227 14 0 4
228 15 0 3
229 16 0 3
230 15 0 1
231 14 0 2
232 15 0 3
233 14 0 4
234 13 0 2
235 13 0 3
236 12 0 2
237 14 0 3
238 15 0 3
239 18 0 2
240 16 0 2
241 16 1 4
242 17 0 3
243 18 0 3
244 17 0 3
245 17 0 2
246 17 1 4
247 20 1 4
248 16 1 4
249 14 1 3
250 16 1 3
251 16 1 3
252 15 1 4
253 15 1 4
254 16 1 5
255 16 1 5
256 18 1 5
257 20 1 5
258 20 1 3
259 18 1 3
260 18 1 3
261 17 1 4
262 17 1 4
263 17 1 4
264 16 1 4
265 18 1 5
266 18 0 4
267 18 1 3
268 16 1 3
269 18 1 4
270 17 1 5
271 21 1 5
272 21 1 5
273 21 1 5
274 19 1 5
275 18 1 6
276 18 1 6
277 17 1 5
278 16 1 5
279 20 1 4
280 17 1 5
281 22 1 6
282 19 1 5
283 17 1 5
284 17 1 5
285 18 1 6
286 22 1 6
287 19 1 4
288 20 1 5
289 18 1 6
290 21 1 6
291 19 1 6
292 17 1 6
293 19 1 6
294 20 1 5
295 20 0 3
296 21 0 3
297 22 1 5
298 20 0 6
299 19 2 4
300 20 0 5
301 18 1 5
302 16 1 3
303 19 1 5
304 18 0 5
305 16 0 5
306 21 0 6
307 20 1 5
308 20 0 6
309 20 0 6
310 22 0 5
311 19 0 6
312 19 0 5
313 19 1 5
314 22 0 5
315 20 0 5
316 23 1 4
317 22 0 6
318 23 0 5
319 23 0 3
320 22 0 5
321 22 0 6
322 21 1 6
323 20 0 5
324 20 0 6
325 19 0 6
326 18 1 6
327 19 0 6
328 17 0 6
329 20 0 6
330 22 0 5
331 20 0 5
332 20 1 6
333 22 0 5
334 20 0 6
335 19 1 6
336 15 0 5
337 16 0 6
338 17 0 6
339 14 1 5
340 17 0 5
341 19 0 6
342 19 0 6
343 20 0 4
344 21 1 5
345 22 0 6
346 21 0 5
347 21 0 6
348 24 0 6
349 23 1 5
350 25 0 5
351 22 1 6
352 23 0 5
353 26 0 5
354 25 0 6
355 24 0 6
356 26 1 4
357 25 1 3
358 23 1 4
359 19 1 6
360 20 1 7
361 19 0 5
362 17 1 4
363 18 0 4
364 23 1 6
365 21 0 6
366 23 0 5
367 24 1 5
368 21 1 6
369 23 0 6
370 24 0 6
371 23 1 5
372 23 1 6
373 25 1 7
374 24 1 7
375 22 1 8
376 23 1 7
377 25 1 7
378 26 1 7
379 26 1 7
380 24 0 7
381 24 0 8
382 25 0 7
383 24 1 7
384 25 0 7
385 24 0 7
386 24 0 7
387 26 0 7
388 24 1 7
389 25 0 7
390 25 0 6
391 27 1 7
392 28 1 8
393 25 0 7
394 25 1 7
395 27 1 8
396 28 0 7
397 30 0 7
398 27 0 7
399 27 0 7
400 27 0 8
