0 0 0 0
1 0 0 0
2 0 0 0
3 0 0 0
4 0 0 0
5 0 0 0
6 0 0 0
7 0 0 0
8 0 0 0
9 0 0 0
10 0 0 0
11 0 0 0
12 0 0 0
13 1 0 0
14 1 0 0
15 2 0 0
16 1 0 0
17 0 0 1
18 0 0 1
19 2 0 1
20 2 0 1
21 1 0 1
22 3 0 1
23 2 0 1
24 2 0 0
25 4 0 1
26 5 0 1
27 5 0 0
28 2 0 1
29 2 0 1
30 4 0 0
31 4 0 1
32 5 0 1
33 4 0 0
34 3 0 1
35 3 0 0
36 8 0 1
37 5 0 1
38 5 0 1
39 5 0 1
40 7 0 1
41 8 0 2
42 8 0 2
43 9 0 2
44 8 0 2
45 8 0 2
46 8 0 2
47 9 0 1
48 8 0 2
49 10 0 2
50 9 0 1
51 12 0 0
52 10 0 0
53 11 0 1
54 12 0 1
55 11 0 0
56 13 0 0
57 14 0 0
58 15 0 1
59 10 0 1
60 10 0 1
61 11 0 1
62 14 0 1
63 14 0 1
64 13 0 1
65 13 0 1
66 13 0 1
67 14 0 1
68 10 0 1
69 13 0 1
70 15 0 1
71 15 0 1
72 15 0 1
73 14 0 1
74 12 0 1
75 12 0 1
76 14 0 1
77 16 0 1
78 15 0 1
79 16 0 1
80 15 0 1
81 13 0 1
82 17 0 1
83 16 0 1
84 19 0 1
85 18 0 1
86 15 0 1
87 16 0 1
88 17 0 1
89 17 0 1
90 17 0 1
91 18 0 1
92 17 0 1
93 17 0 1
94 17 0 0
95 17 0 0
96 16 0 1
97 19 0 1
98 19 0 1
99 18 0 2
100 15 0 1
101 15 0 1
102 13 0 2
103 11 0 1
104 11 0 1
105 14 0 1
106 15 0 1
107 16 0 1
108 14 0 2
109 13 0 2
110 11 0 1
111 13 0 1
112 14 0 2
113 15 0 2
114 14 0 1
115 14 0 1
116 13 0 1
117 16 0 2
118 19 0 1
119 15 0 1
120 16 0 1
121 14 0 2
122 13 0 2
123 15 0 1
124 13 0 0
125 11 0 0
126 11 0 1
127 11 0 2
128 12 0 2
129 14 0 1
130 12 0 0
131 13 0 0
132 14 0 0
133 13 0 2
134 14 0 2
135 15 0 2
136 13 0 2
137 14 0 1
138 14 0 1
139 16 0 1
140 16 0 2
141 16 0 2
142 13 0 2
143 13 0 1
144 12 0 2
145 12 0 1
146 14 0 1
147 13 0 1
148 14 0 1
149 15 0 1
150 15 0 2
151 13 0 1
152 13 0 1
153 16 0 2
154 18 0 1
155 18 0 1
156 18 0 1
157 18 0 0
158 16 0 2
159 14 0 3
160 12 0 1
161 14 0 0
162 13 0 1
163 13 0 3
164 13 0 3
165 13 0 2
166 13 0 2
167 12 0 3
168 14 0 3
169 13 0 1
170 14 0 3
171 14 0 3
172 14 0 2
173 14 0 1
174 13 0 3
175 14 0 4
176 13 0 3
177 16 0 2
178 13 0 2
179 12 0 2
180 13 0 4
181 12 0 3
182 11 0 2
183 12 0 3
184 14 0 2
185 13 0 2
186 14 0 3
187 14 0 4
188 14 0 2
189 11 0 0
190 11 0 3
191 12 0 4
192 12 0 4
193 12 0 2
194 13 0 2
195 13 0 3
196 14 0 3
197 13 0 1
198 11 0 3
199 12 0 3
200 11 0 1
201 15 0 1
202 15 0 2
203 15 0 3
204 15 0 3
205 13 0 3
206 12 0 3
207 13 0 4
208 8 0 3
209 10 0 4
210 8 0 1
211 11 0 1
212 11 0 2
213 10 0 5
214 11 0 4
215 12 0 3
216 12 0 1
217 12 0 2
218 13 0 5
219 15 0 3
220 16 0 5
221 17 0 4
222 17 0 4
223 17 0 3
224 17 0 2
225 18 0 3
226 17 0 4
227 18 0 4
228 16 0 2
229 13 0 4
230 13 0 5
231 13 0 6
232 15 0 5
233 15 0 2
234 14 0 4
235 16 0 5
236 15 0 5
237 15 0 4
238 16 0 5
239 20 0 7
240 19 0 6
241 18 0 6
242 15 0 7
243 15 0 7
244 14 0 8
245 13 0 7
246 13 0 6
247 12 0 7
248 15 0 4
249 13 0 6
250 15 0 8
251 17 0 7
252 18 0 5
253 18 0 4
254 19 0 5
255 19 0 6
256 17 0 5
257 17 0 6
258 15 0 7
259 14 0 5
260 13 0 6
261 14 0 7
262 16 0 7
263 16 0 7
264 18 0 3
265 16 0 4
266 15 0 4
267 17 0 3
268 15 0 3
269 15 0 4
270 15 0 4
271 15 0 3
272 14 0 3
273 13 0 3
274 16 0 4
275 15 0 3
276 14 0 4
277 17 0 2
278 19 0 2
279 16 0 4
280 15 0 3
281 16 0 5
282 19 0 4
283 15 0 5
284 16 0 3
285 15 0 4
286 15 0 6
287 15 0 5
288 16 0 4
289 15 0 2
290 13 0 5
291 17 0 4
292 17 0 4
293 13 0 4
294 16 0 3
295 17 0 5
296 15 0 6
297 16 0 5
298 14 0 4
299 15 0 4
300 10 0 6
301 13 0 8
302 13 0 6
303 14 0 7
304 18 0 5
305 17 0 6
306 16 0 8
307 17 0 2
308 18 0 2
309 17 0 6
310 15 0 5
311 14 0 8
312 14 0 10
313 16 0 7
314 16 0 7
315 16 0 8
316 15 0 8
317 21 0 8
318 21 0 9
319 21 0 7
320 20 0 5
321 23 0 8
322 25 0 10
323 26 0 7
324 25 0 6
325 21 0 8
326 22 0 8
327 19 0 7
328 18 0 9
329 17 0 10
330 18 0 10
331 15 0 7
332 15 0 8
333 14 0 8
334 21 0 7
335 19 0 6
336 19 0 10
337 22 0 8
338 20 0 10
339 19 0 10
340 21 0 11
341 21 0 11
342 22 0 10
343 22 0 9
344 19 0 9
345 20 0 9
346 18 0 8
347 20 0 6
348 19 0 9
349 20 0 10
350 22 0 7
351 21 0 9
352 23 0 11
353 22 0 10
354 24 0 7
355 23 0 8
356 22 0 10
357 21 0 11
358 21 0 9
359 19 0 7
360 19 0 8
361 22 0 8
362 21 0 9
363 21 0 8
364 24 0 8
365 24 0 8
366 22 0 8
367 23 0 11
368 24 0 11
369 25 0 7
370 23 0 7
371 25 0 9
372 26 0 5
373 25 0 10
374 26 0 9
375 26 0 9
376 27 0 11
377 25 0 12
378 22 0 10
379 23 0 9
380 26 0 10
381 28 0 8
382 26 0 10
383 25 0 10
384 23 0 9
385 27 0 10
386 28 0 6
387 27 0 7
388 25 0 9
389 26 0 6
390 24 0 8
391 24 0 9
392 23 0 8
393 22 0 11
394 24 0 11
395 24 0 10
396 26 0 4
397 26 0 11
398 26 0 11
399 28 0 7
400 28 0 9
