0 0 0 0
1 0 0 0
2 0 0 0
3 0 0 0
4 0 0 0
5 0 0 0
6 0 0 0
7 0 0 0
8 0 0 0
9 0 0 0
10 0 0 0
11 0 0 0
12 0 0 0
13 0 0 0
14 0 0 0
15 1 0 0
16 1 0 0
17 0 0 1
18 0 0 0
19 0 0 0
20 1 0 0
21 2 0 1
22 2 0 1
23 2 0 1
24 4 0 1
25 4 0 0
26 4 0 1
27 3 0 1
28 4 0 1
29 3 0 0
30 4 0 0
31 3 0 1
32 3 0 1
33 3 0 1
34 5 0 0
35 4 0 1
36 4 0 0
37 4 0 1
38 3 0 1
39 6 0 1
40 4 0 1
41 5 0 1
42 7 0 1
43 9 0 1
44 9 0 1
45 9 0 0
46 9 0 0
47 11 0 1
48 11 0 1
49 11 0 1
50 10 0 1
51 8 0 0
52 10 0 1
53 12 0 1
54 10 0 1
55 11 0 1
56 10 0 1
57 12 0 1
58 9 0 1
59 9 0 1
60 9 0 1
61 12 0 1
62 13 0 1
63 12 0 1
64 14 0 1
65 12 0 1
66 12 0 1
67 13 0 1
68 15 0 1
69 15 0 1
70 15 0 1
71 15 0 1
72 12 0 1
73 17 0 1
74 15 0 1
75 12 0 1
76 13 0 1
77 17 0 1
78 16 0 1
79 15 0 1
80 15 0 1
81 16 0 1
82 17 0 1
83 19 0 1
84 20 0 1
85 18 0 1
86 16 0 1
87 18 0 1
88 20 0 1
89 18 0 1
90 18 0 1
91 18 0 1
92 16 0 1
93 17 0 1
94 17 0 1
95 18 0 1
96 17 0 1
97 18 0 1
98 18 0 1
99 19 0 1
100 19 0 1
101 17 0 1
102 15 0 1
103 14 0 1
104 14 0 1
105 13 0 1
106 14 0 1
107 16 0 1
108 16 0 1
109 16 0 1
110 15 0 1
111 14 0 1
112 13 0 1
113 13 0 1
114 13 0 1
115 14 0 1
116 13 0 1
117 17 0 0
118 19 0 1
119 17 0 1
120 16 0 1
121 16 0 1
122 16 0 1
123 15 0 1
124 15 0 1
125 16 0 1
126 16 0 1
127 14 0 1
128 15 0 0
129 17 0 1
130 13 0 1
131 13 0 1
132 14 0 1
133 13 0 1
134 14 0 1
135 14 0 1
136 15 0 1
137 13 0 1
138 13 0 1
139 14 0 1
140 14 0 1
141 15 0 1
142 16 0 1
143 14 0 1
144 13 0 0
145 14 0 1
146 16 0 1
147 18 0 1
148 18 0 0
149 17 0 0
150 17 0 1
151 16 0 1
152 16 0 0
153 15 0 0
154 14 0 1
155 13 0 1
156 13 0 0
157 14 0 1
158 13 0 1
159 13 0 1
160 13 0 1
161 16 0 0
162 15 0 1
163 15 0 1
164 13 0 1
165 16 0 0
166 15 0 1
167 18 0 1
168 19 0 2
169 18 0 2
170 18 0 2
171 17 0 1
172 17 0 0
173 17 0 0
174 15 0 1
175 16 0 2
176 19 0 2
177 17 0 2
178 18 0 2
179 19 0 1
180 18 0 1
181 17 0 2
182 16 0 2
183 17 0 1
184 17 0 1
185 14 0 2
186 15 0 2
187 14 0 1
188 13 0 0
189 13 0 2
190 12 0 2
191 10 0 1
192 13 0 1
193 12 0 2
194 12 0 2
195 14 0 2
196 13 0 1
197 13 0 1
198 15 0 2
199 15 0 2
200 16 0 1
201 14 0 0
202 14 0 1
203 15 0 2
204 12 0 2
205 14 0 1
206 11 0 1
207 13 0 2
208 11 0 3
209 10 0 1
210 11 0 1
211 13 0 2
212 15 0 3
213 13 0 2
214 12 0 1
215 14 0 3
216 12 0 3
217 11 0 2
218 11 0 2
219 11 0 3
220 10 0 3
221 11 0 2
222 11 0 2
223 10 0 2
224 12 0 3
225 13 0 2
226 14 0 1
227 13 0 3
228 14 0 3
229 16 0 3
230 15 0 3
231 12 0 2
232 11 0 2
233 12 0 3
234 12 0 3
235 14 0 2
236 13 0 2
237 15 0 2
238 17 0 3
239 15 0 3
240 15 0 2
241 15 0 2
242 17 0 2
243 13 0 3
244 10 0 3
245 12 0 2
246 13 0 2
247 15 0 2
248 15 0 3
249 18 0 2
250 19 0 2
251 20 0 3
252 18 0 2
253 19 0 2
254 19 0 3
255 19 0 3
256 21 0 2
257 19 0 1
258 16 0 2
259 15 0 2
260 14 0 3
261 13 0 3
262 12 0 3
263 15 0 2
264 16 0 1
265 18 0 3
266 17 0 3
267 20 0 2
268 17 0 2
269 15 0 3
270 17 0 3
271 16 0 2
272 17 0 1
273 17 0 2
274 18 0 2
275 18 0 2
276 20 0 1
277 19 0 0
278 16 0 2
279 18 0 0
280 17 0 2
281 18 0 2
282 17 0 1
283 15 0 2
284 16 0 2
285 15 0 1
286 14 0 2
287 13 0 2
288 11 0 2
289 14 0 2
290 17 0 1
291 19 0 3
292 19 0 3
293 18 0 3
294 17 0 3
295 17 0 2
296 19 0 2
297 18 0 3
298 18 0 4
299 18 0 2
300 17 0 3
301 16 0 3
302 16 0 3
303 16 0 3
304 17 0 4
305 15 0 3
306 15 0 4
307 12 0 3
308 14 0 3
309 16 0 3
310 14 0 3
311 17 0 4
312 15 0 4
313 16 0 5
314 14 0 5
315 15 0 4
316 16 0 4
317 16 0 3
318 17 0 2
319 17 0 2
320 18 0 4
321 18 0 4
322 19 0 5
323 21 0 5
324 21 0 5
325 21 0 4
326 18 0 3
327 21 0 4
328 18 0 4
329 18 0 3
330 21 0 3
331 21 0 3
332 20 0 4
333 22 0 4
334 20 0 3
335 19 0 5
336 20 0 5
337 18 0 5
338 18 0 5
339 18 0 4
340 19 0 4
341 19 0 4
342 17 0 4
343 14 0 4
344 17 0 3
345 18 0 4
346 18 0 3
347 18 0 4
348 19 0 4
349 18 0 3
350 18 0 4
351 16 0 4
352 17 0 5
353 20 0 5
354 19 0 3
355 19 0 4
356 18 0 4
357 19 0 5
358 18 0 5
359 19 0 5
360 20 0 5
361 20 0 5
362 16 0 4
363 15 0 4
364 16 0 4
365 16 0 4
366 16 0 4
367 16 0 5
368 18 0 5
369 21 0 5
370 23 0 5
371 23 0 5
372 24 0 5
373 25 0 5
374 25 0 4
375 23 0 4
376 21 0 4
377 19 0 5
378 21 0 4
379 17 0 5
380 20 0 5
381 21 0 4
382 19 0 4
383 20 0 7
384 21 0 5
385 21 0 4
386 18 0 6
387 22 0 5
388 22 0 4
389 22 0 3
390 20 0 4
391 22 0 4
392 23 0 4
393 22 0 4
394 19 0 4
395 17 0 6
396 18 0 6
397 20 0 4
398 22 0 5
399 21 0 7
400 23 0 6
