0 0 0 0
1 0 0 0
2 0 0 0
3 0 0 0
4 0 0 0
5 0 0 0
6 0 0 0
7 0 0 0
8 0 0 0
9 0 0 0
10 0 0 0
11 0 0 0
12 0 0 0
13 0 0 0
14 0 0 0
15 0 0 0
16 1 0 0
17 1 0 0
18 2 0 0
19 0 0 0
20 0 0 0
21 0 0 0
22 1 0 0
23 2 0 0
24 1 0 0
25 1 0 0
26 2 0 0
27 2 0 0
28 2 0 0
29 1 0 0
30 1 0 0
31 2 0 0
32 3 0 0
33 4 0 0
34 2 0 0
35 2 0 0
36 3 0 0
37 3 0 0
38 3 0 0
39 3 0 0
40 4 0 0
41 4 0 0
42 3 0 0
43 4 0 0
44 4 0 0
45 3 0 0
46 5 0 0
47 5 0 0
48 4 0 0
49 5 0 0
50 5 0 0
51 6 0 0
52 4 0 0
53 4 0 0
54 5 0 0
55 6 0 0
56 7 0 0
57 7 0 0
58 7 0 0
59 6 0 0
60 8 0 0
61 9 0 0
62 8 0 0
63 9 0 0
64 9 0 0
65 10 0 0
66 9 0 0
67 8 0 0
68 9 0 0
69 9 0 0
70 9 0 0
71 8 0 0
72 10 0 0
73 12 0 0
74 11 0 0
75 12 0 0
76 11 0 0
77 12 0 0
78 12 0 0
79 12 0 0
80 12 0 0
81 13 0 0
82 13 0 0
83 13 0 0
84 12 0 0
85 14 0 0
86 14 0 0
87 12 0 0
88 15 0 0
89 14 0 0
90 14 0 0
91 12 0 0
92 16 0 0
93 16 0 0
94 12 0 0
95 11 0 0
96 15 0 0
97 15 0 0
98 14 0 0
99 16 0 0
100 14 0 0
101 13 0 0
102 10 0 0
103 10 0 0
104 12 0 0
105 13 0 0
106 15 0 0
107 14 0 0
108 13 0 0
109 14 0 0
110 13 0 0
111 15 0 0
112 15 0 0
113 16 0 0
114 15 0 0
115 15 0 0
116 14 0 0
117 14 0 0
118 14 0 0
119 15 0 0
120 19 0 0
121 18 0 0
122 16 0 0
123 17 0 0
124 16 0 0
125 16 0 0
126 15 0 0
127 13 0 0
128 11 0 1
129 13 0 0
130 14 0 0
131 15 0 0
132 16 0 0
133 15 0 1
134 16 0 1
135 14 0 1
136 14 0 1
137 14 0 1
138 14 0 1
139 13 0 1
140 12 0 1
141 10 0 1
142 12 0 1
143 12 0 1
144 12 0 1
145 16 0 1
146 15 0 0
147 12 0 1
148 13 0 0
149 15 0 1
150 16 0 1
151 17 0 0
152 15 0 1
153 14 0 1
154 13 0 1
155 15 0 1
156 15 0 1
157 15 0 1
158 16 0 0
159 16 0 1
160 15 0 1
161 16 0 1
162 17 0 0
163 15 0 1
164 15 0 1
165 15 0 1
166 14 0 1
167 12 0 1
168 15 0 1
169 17 0 1
170 14 0 1
171 15 0 1
172 15 0 1
173 15 0 1
174 14 0 2
175 13 0 1
176 14 0 1
177 16 0 2
178 14 0 2
179 13 0 2
180 14 0 2
181 18 0 2
182 16 0 2
183 16 0 2
184 14 0 2
185 15 0 0
186 14 0 1
187 13 0 2
188 14 0 1
189 14 0 2
190 15 0 1
191 15 0 2
192 16 0 1
193 19 0 1
194 18 0 2
195 16 0 1
196 16 0 1
197 18 0 1
198 16 0 2
199 12 0 1
200 11 0 1
201 12 0 2
202 13 0 2
203 12 0 2
204 15 0 1
205 15 0 1
206 15 0 2
207 15 0 2
208 17 0 2
209 16 0 2
210 15 0 2
211 17 0 1
212 16 0 0
213 13 0 1
214 15 0 1
215 14 0 2
216 16 0 1
217 14 0 1
218 12 0 2
219 12 0 1
220 15 0 3
221 15 0 3
222 12 0 1
223 10 0 1
224 12 0 2
225 11 0 1
226 12 0 2
227 13 0 1
228 15 0 1
229 16 0 2
230 15 0 2
231 17 0 2
232 17 0 1
233 13 0 2
234 15 0 2
235 16 0 2
236 17 0 3
237 16 0 3
238 15 0 2
239 14 0 2
240 14 0 2
241 14 0 2
242 12 0 3
243 12 0 1
244 12 0 1
245 13 0 2
246 16 0 3
247 17 0 2
248 17 0 2
249 16 0 2
250 18 0 2
251 18 0 3
252 17 0 2
253 17 0 1
254 17 0 1
255 16 0 2
256 13 0 2
257 13 0 2
258 13 0 1
259 14 0 2
260 17 0 3
261 18 0 2
262 17 0 2
263 16 0 3
264 16 0 2
265 15 0 2
266 14 0 2
267 13 0 2
268 13 0 2
269 17 0 2
270 17 0 2
271 17 0 2
272 16 0 1
273 17 0 2
274 15 0 2
275 17 0 3
276 19 0 1
277 18 0 2
278 16 0 2
279 15 0 3
280 16 0 2
281 14 0 2
282 17 0 2
283 18 0 2
284 16 0 2
285 15 0 2
286 18 0 2
287 18 0 2
288 16 0 2
289 17 0 2
290 15 0 2
291 14 0 2
292 16 0 3
293 17 0 3
294 16 0 3
295 18 0 3
296 18 0 2
297 18 0 3
298 18 0 2
299 18 0 2
300 16 0 2
301 14 0 3
302 16 0 1
303 14 0 2
304 15 0 1
305 15 0 2
306 15 0 2
307 15 0 2
308 17 0 2
309 16 0 2
310 17 0 3
311 19 0 3
312 18 0 2
313 17 0 2
314 17 0 1
315 17 0 2
316 16 0 2
317 15 0 2
318 14 0 3
319 14 0 3
320 14 0 2
321 16 0 2
322 19 0 3
323 20 0 3
324 20 0 3
325 20 0 3
326 19 0 3
327 16 0 2
328 17 0 3
329 16 0 3
330 16 0 1
331 16 0 1
332 14 0 2
333 14 0 1
334 14 0 3
335 15 0 2
336 17 0 2
337 17 0 2
338 18 0 2
339 19 0 2
340 18 0 2
341 17 0 2
342 17 0 3
343 20 0 4
344 19 0 2
345 19 0 4
346 19 0 3
347 19 0 3
348 19 0 3
349 17 0 3
350 16 0 2
351 18 0 4
352 19 0 3
353 19 0 3
354 18 0 2
355 18 0 4
356 16 0 4
357 16 0 2
358 19 0 3
359 22 0 3
360 19 0 1
361 20 0 2
362 19 0 3
363 19 0 4
364 19 0 3
365 17 0 4
366 15 0 1
367 16 0 1
368 13 0 3
369 14 0 2
370 16 0 1
371 19 0 2
372 20 0 1
373 21 0 1
374 21 0 3
375 20 0 2
376 21 0 2
377 20 0 3
378 19 0 3
379 15 0 3
380 17 0 3
381 19 0 3
382 20 0 4
383 20 0 3
384 20 0 3
385 19 0 4
386 18 0 4
387 20 0 3
388 20 0 2
389 19 0 4
390 19 0 3
391 18 0 4
392 18 0 3
393 18 0 3
394 20 0 3
395 20 0 4
396 17 0 4
397 17 0 4
398 17 0 4
399 17 0 4
400 14 0 4
