0 0 0 0
1 0 0 0
2 0 0 0
3 0 0 0
4 0 0 0
5 0 0 0
6 0 0 0
7 1 0 0
8 1 0 0
9 1 0 0
10 1 0 0
11 0 0 0
12 0 0 0
13 1 0 0
14 1 0 0
15 1 0 0
16 1 0 0
17 2 0 0
18 2 0 0
19 1 0 0
20 2 0 0
21 2 0 0
22 2 0 0
23 4 0 0
24 4 0 0
25 4 0 0
26 3 0 0
27 4 0 0
28 4 0 0
29 6 0 0
30 6 0 0
31 6 0 0
32 7 0 0
33 6 0 0
34 6 0 0
35 5 0 0
36 7 0 0
37 7 0 0
38 6 0 0
39 4 0 0
40 6 0 0
41 8 0 0
42 9 0 0
43 9 0 0
44 10 0 0
45 10 0 0
46 9 0 0
47 10 0 0
48 11 0 0
49 10 0 0
50 12 0 0
51 9 0 0
52 9 0 0
53 9 0 0
54 9 0 0
55 11 0 0
56 12 0 0
57 13 0 0
58 10 0 0
59 9 0 0
60 11 0 0
61 13 0 0
62 14 0 0
63 14 0 0
64 11 0 0
65 14 0 0
66 13 0 0
67 13 0 0
68 12 0 0
69 12 0 0
70 13 0 0
71 14 0 0
72 13 0 0
73 12 0 0
74 16 0 0
75 16 0 0
76 14 0 0
77 16 0 0
78 18 0 0
79 15 0 0
80 17 0 0
81 17 0 0
82 20 0 0
83 17 0 0
84 16 0 0
85 19 0 0
86 18 0 0
87 20 0 0
88 19 0 0
89 19 0 0
90 19 0 0
91 21 0 0
92 22 0 0
93 21 0 0
94 19 0 0
95 21 0 0
96 21 0 0
97 22 0 0
98 22 0 0
99 24 0 0
100 24 0 0
101 21 0 0
102 20 0 0
103 18 0 0
104 19 0 0
105 20 0 0
106 20 0 0
107 16 0 0
108 16 0 0
109 16 0 0
110 17 0 0
111 16 0 0
112 18 0 0
113 17 0 0
114 19 0 0
115 17 0 0
116 15 0 0
117 15 0 0
118 17 0 0
119 17 0 0
120 18 0 0
121 17 0 0
122 17 0 0
123 15 0 0
124 16 0 0
125 16 0 0
126 12 0 0
127 15 0 0
128 15 0 0
129 19 0 0
130 19 0 0
131 19 0 0
132 18 0 0
133 17 0 0
134 16 0 0
135 15 0 0
136 17 0 0
137 16 0 0
138 15 0 0
139 13 0 0
140 14 0 0
141 16 0 0
142 17 0 0
143 17 0 0
144 18 0 0
145 18 0 0
146 14 0 0
147 13 0 0
148 14 0 0
149 15 0 0
150 14 0 0
151 16 0 0
152 17 0 0
153 20 0 0
154 20 0 0
155 19 0 0
156 19 0 0
157 19 0 0
158 20 0 0
159 20 0 0
160 19 0 0
161 17 0 0
162 16 0 0
163 17 0 0
164 17 0 0
165 17 0 0
166 17 0 0
167 17 0 0
168 16 0 0
169 19 0 0
170 21 0 0
171 23 0 0
172 19 0 0
173 19 0 0
174 20 0 0
175 19 0 0
176 19 0 0
177 18 0 0
178 20 0 0
179 17 0 0
180 17 0 0
181 16 0 0
182 17 0 0
183 19 0 0
184 18 0 0
185 19 0 0
186 18 0 0
187 20 0 0
188 20 0 0
189 19 0 0
190 21 0 0
191 23 0 0
192 21 0 0
193 20 0 0
194 20 0 0
195 19 0 0
196 17 0 0
197 20 0 0
198 20 0 0
199 24 0 0
200 23 1 0
201 23 1 0
202 19 1 0
203 20 0 0
204 20 0 0
205 16 0 0
206 21 0 0
207 21 0 0
208 20 0 0
209 20 0 0
210 19 0 0
211 21 0 0
212 19 0 0
213 17 0 0
214 19 0 0
215 19 1 0
216 18 0 0
217 19 0 0
218 19 0 0
219 19 0 0
220 19 0 0
221 19 0 0
222 18 0 0
223 18 0 0
224 18 0 0
225 20 0 0
226 21 0 0
227 17 0 0
228 15 0 0
229 16 0 0
230 16 0 0
231 17 0 0
232 18 0 0
233 20 0 0
234 22 0 0
235 21 0 0
236 23 0 0
237 21 0 0
238 22 0 0
239 17 0 0
240 17 0 0
241 19 0 0
242 18 0 0
243 19 0 0
244 20 0 0
245 21 0 0
246 22 0 0
247 20 0 0
248 19 1 0
249 19 0 0
250 19 0 0
251 19 0 0
252 19 0 0
253 18 0 0
254 20 0 0
255 21 0 0
256 22 0 0
257 22 0 0
258 20 0 0
259 19 0 0
260 18 0 0
261 20 0 0
262 21 0 0
263 22 0 0
264 23 0 0
265 24 0 0
266 21 0 0
267 22 0 0
268 25 0 0
269 22 0 0
270 21 0 0
271 20 0 0
272 21 0 0
273 22 0 0
274 22 0 0
275 24 0 0
276 25 0 0
277 25 0 0
278 26 0 0
279 25 0 0
280 25 0 0
281 24 0 0
282 25 0 0
283 22 0 0
284 22 0 0
285 22 0 0
286 26 0 0
287 26 0 0
288 26 0 0
289 24 0 0
290 25 0 1
291 26 0 0
292 22 0 0
293 20 0 0
294 22 0 0
295 16 0 0
296 18 0 0
297 22 0 0
298 24 0 0
299 25 0 0
300 24 0 0
301 27 0 1
302 26 0 0
303 26 0 1
304 26 0 1
305 26 0 1
306 25 0 1
307 24 0 1
308 23 0 1
309 22 0 1
310 22 0 1
311 22 0 1
312 23 0 1
313 22 0 1
314 24 0 0
315 25 0 1
316 30 0 1
317 29 0 0
318 29 0 0
319 27 0 1
320 25 0 1
321 23 0 1
322 23 0 1
323 25 0 1
324 23 0 1
325 27 0 1
326 25 0 1
327 24 0 1
328 25 0 1
329 23 0 1
330 24 0 1
331 23 0 1
332 22 0 1
333 24 0 1
334 24 0 1
335 24 0 1
336 24 0 1
337 25 0 1
338 27 0 1
339 29 0 1
340 26 0 1
341 27 0 1
342 27 0 1
343 29 0 1
344 26 0 1
345 27 0 1
346 28 0 1
347 27 0 1
348 25 0 1
349 21 0 1
350 20 0 1
351 21 0 1
352 25 0 1
353 26 0 1
354 27 0 1
355 30 0 1
356 24 1 1
357 24 0 1
358 27 0 1
359 30 0 1
360 29 0 1
361 26 0 1
362 28 0 1
363 27 0 1
364 24 0 1
365 29 0 1
366 27 0 0
367 28 0 0
368 27 0 1
369 23 0 1
370 26 0 1
371 27 0 1
372 23 0 1
373 23 0 1
374 23 0 1
375 22 0 1
376 24 0 1
377 27 0 1
378 29 0 1
379 24 0 2
380 25 0 2
381 27 0 1
382 25 0 1
383 25 0 2
384 30 0 2
385 30 0 2
386 28 0 2
387 28 0 2
388 28 0 2
389 27 0 2
390 28 0 2
391 27 0 2
392 26 0 2
393 23 0 1
394 27 0 2
395 30 0 2
396 27 0 2
397 29 0 2
398 30 0 2
399 29 0 2
400 30 0 2
