0 0 0 0
1 0 0 0
2 0 0 0
3 0 0 0
4 0 0 0
5 0 0 0
6 0 0 0
7 0 0 0
8 0 0 0
9 0 0 0
10 1 0 0
11 1 0 0
12 1 0 0
13 3 0 0
14 3 0 0
15 1 0 0
16 2 0 0
17 3 0 0
18 4 0 0
19 4 0 0
20 5 0 0
21 5 0 0
22 6 0 0
23 4 0 0
24 4 0 0
25 6 0 0
26 5 0 0
27 5 0 0
28 7 0 0
29 6 0 0
30 5 0 0
31 6 0 0
32 8 0 0
33 8 0 0
34 8 0 0
35 7 0 0
36 8 0 0
37 10 1 0
38 11 1 0
39 11 1 0
40 9 1 0
41 11 1 0
42 10 1 0
43 11 1 0
44 12 1 0
45 12 1 0
46 12 1 0
47 10 1 0
48 9 1 0
49 10 1 0
50 11 0 0
51 11 0 0
52 11 0 0
53 11 1 0
54 11 1 0
55 11 0 0
56 14 0 0
57 11 0 0
58 12 0 0
59 11 0 0
60 11 0 0
61 11 0 0
62 14 0 0
63 13 1 0
64 18 0 0
65 18 0 0
66 18 0 0
67 17 0 0
68 16 1 0
69 18 0 0
70 16 0 0
71 18 0 0
72 18 0 0
73 18 0 0
74 15 0 0
75 16 0 0
76 16 0 0
77 15 0 0
78 16 0 0
79 15 0 0
80 17 1 0
81 19 1 0
82 19 1 0
83 19 1 0
84 18 1 0
85 16 1 0
86 17 1 0
87 18 0 0
88 19 1 0
89 19 0 0
90 17 1 0
91 18 2 0
92 17 2 0
93 17 2 0
94 17 2 0
95 17 2 0
96 18 2 0
97 19 1 0
98 19 0 0
99 17 1 0
100 17 1 0
101 17 1 0
102 17 2 0
103 16 2 0
104 15 2 0
105 16 2 0
106 16 1 0
107 16 1 0
108 18 1 0
109 19 1 0
110 20 1 0
111 19 1 0
112 18 2 0
113 19 2 0
114 18 1 0
115 14 2 0
116 16 2 0
117 15 1 0
118 16 2 0
119 19 2 0
120 19 1 0
121 20 2 0
122 19 2 0
123 21 2 0
124 19 2 0
125 17 2 0
126 17 2 0
127 17 2 0
128 17 2 0
129 14 2 0
130 13 2 0
131 15 2 0
132 18 2 0
133 16 2 0
134 19 2 0
135 17 2 0
136 18 2 0
137 19 2 0
138 18 1 0
139 17 2 0
140 19 2 0
141 19 2 0
142 19 1 0
143 18 1 0
144 17 2 0
145 17 2 0
146 20 2 0
147 18 2 0
148 18 1 0
149 18 3 0
150 19 1 0
151 18 2 0
152 20 2 0
153 18 2 0
154 18 2 0
155 21 1 0
156 21 2 0
157 21 1 0
158 16 2 0
159 18 1 0
160 18 1 0
161 19 2 0
162 19 2 0
163 21 2 0
164 20 3 0
165 19 2 0
166 17 2 0
167 19 2 0
168 19 2 0
169 18 2 0
170 18 2 0
171 18 2 0
172 20 2 0
173 21 1 0
174 20 2 0
175 20 2 0
176 21 1 0
177 20 1 0
178 18 1 0
179 19 2 0
180 21 3 0
181 20 3 1
182 19 3 1
183 22 3 0
184 23 3 0
185 21 3 0
186 24 3 0
187 21 3 1
188 23 3 1
189 24 3 0
190 22 3 1
191 23 3 1
192 23 3 0
193 21 3 0
194 20 3 1
195 20 3 1
196 20 3 0
197 19 3 0
198 19 3 1
199 21 3 1
200 22 3 0
201 21 3 0
202 22 3 0
203 22 3 0
204 24 3 1
205 24 3 0
206 24 3 0
207 24 3 0
208 24 2 1
209 21 3 0
210 21 3 0
211 19 3 0
212 19 3 0
213 18 3 1
214 18 3 1
215 18 3 0
216 19 3 0
217 19 2 0
218 23 3 1
219 23 3 1
220 23 3 0
221 25 3 1
222 26 3 1
223 25 3 1
224 26 3 0
225 26 3 1
226 25 3 1
227 25 3 0
228 24 3 0
229 22 3 0
230 22 3 1
231 24 3 1
232 22 3 0
233 25 3 0
234 24 3 2
235 23 3 3
236 24 3 1
237 26 3 0
238 27 3 0
239 23 3 1
240 21 3 0
241 23 3 0
242 25 3 0
243 28 3 2
244 28 3 2
245 26 3 1
246 27 3 0
247 29 3 1
248 29 3 2
249 28 3 2
250 29 3 2
251 29 3 2
252 29 3 2
253 29 3 2
254 21 3 3
255 21 3 2
256 23 3 2
257 26 3 2
258 30 3 3
259 27 3 3
260 27 3 1
261 26 3 2
262 27 3 3
263 23 3 2
264 27 3 3
265 28 3 3
266 29 3 3
267 28 3 2
268 29 3 2
269 30 3 3
270 29 3 3
271 29 3 2
272 30 3 3
273 30 3 2
274 30 3 2
275 32 2 4
276 30 2 3
277 29 2 3
278 30 3 3
279 28 3 3
280 32 3 4
281 34 3 4
282 34 2 4
283 33 3 3
284 34 2 3
285 33 3 4
286 33 2 3
287 32 2 2
288 34 1 2
289 33 4 2
290 32 3 2
291 32 3 4
292 31 3 3
293 31 3 3
294 33 2 3
295 32 3 4
296 34 3 4
297 34 3 3
298 33 2 3
299 34 3 3
300 35 3 4
301 35 4 2
302 35 3 2
303 34 4 3
304 34 4 4
305 35 3 4
306 34 3 4
307 34 4 4
308 33 3 3
309 33 4 4
310 32 4 3
311 33 4 4
312 35 3 4
313 35 3 4
314 36 4 3
315 38 4 4
316 38 1 4
317 37 3 5
318 37 3 3
319 34 4 3
320 33 3 3
321 33 4 3
322 31 4 3
323 32 3 4
324 31 2 3
325 32 3 3
326 32 2 4
327 31 2 4
328 31 4 5
329 30 2 4
330 32 2 4
331 32 1 4
332 34 2 4
333 37 2 4
334 35 2 4
335 34 3 4
336 33 2 4
337 34 1 3
338 35 3 3
339 38 3 4
340 38 2 4
341 38 5 4
342 36 4 3
343 36 5 4
344 36 5 3
345 36 4 3
346 34 3 3
347 33 4 5
348 37 3 4
349 38 4 3
350 38 5 3
351 33 4 5
352 37 3 3
353 38 6 3
354 38 6 3
355 35 5 4
356 36 6 4
357 36 6 3
358 36 5 4
359 36 4 4
360 36 3 4
361 34 6 4
362 35 6 4
363 38 5 3
364 36 6 3
365 33 6 4
366 30 6 4
367 32 4 3
368 37 5 3
369 35 4 3
370 39 4 1
371 36 5 3
372 35 4 2
373 39 4 2
374 39 5 2
375 39 5 2
376 38 4 2
377 40 3 2
378 38 5 2
379 37 3 1
380 36 4 2
381 35 5 3
382 32 4 3
383 37 4 3
384 35 5 3
385 35 4 3
386 36 4 3
387 36 5 2
388 36 3 4
389 34 5 4
390 34 5 3
391 33 4 3
392 34 5 3
393 38 4 4
394 38 3 3
395 40 3 2
396 40 4 3
397 43 3 4
398 41 4 4
399 35 3 3
400 34 4 3
