0 0 0 0
1 0 0 0
2 0 0 0
3 0 0 0
4 0 0 0
5 0 0 0
6 0 0 0
7 0 0 0
8 0 0 0
9 0 0 0
10 0 0 0
11 0 0 0
12 0 0 0
13 0 0 0
14 0 0 0
15 0 0 0
16 2 0 0
17 2 0 0
18 0 0 0
19 0 0 0
20 1 0 0
21 1 0 0
22 1 0 0
23 3 0 0
24 3 0 0
25 2 0 0
26 3 0 0
27 3 0 0
28 1 0 0
29 2 0 0
30 4 0 0
31 4 0 0
32 2 0 0
33 2 0 0
34 4 0 0
35 4 0 0
36 5 0 0
37 4 0 0
38 6 0 0
39 5 0 0
40 4 0 0
41 5 0 0
42 6 0 0
43 7 0 0
44 5 0 0
45 7 0 0
46 7 0 0
47 5 0 0
48 7 0 0
49 8 0 0
50 6 0 0
51 6 0 0
52 9 0 0
53 9 0 0
54 7 0 0
55 8 0 0
56 8 0 1
57 7 0 1
58 8 0 1
59 7 0 1
60 7 0 1
61 6 0 0
62 8 0 1
63 8 0 1
64 8 0 1
65 8 0 1
66 8 0 1
67 6 0 1
68 9 0 1
69 8 0 1
70 10 0 1
71 12 0 1
72 11 0 0
73 8 0 1
74 9 0 1
75 11 0 0
76 9 0 1
77 11 0 0
78 11 0 1
79 12 0 1
80 12 0 1
81 14 0 1
82 12 0 1
83 13 0 1
84 13 0 0
85 12 0 1
86 13 0 1
87 15 0 1
88 12 0 1
89 13 0 1
90 13 0 1
91 16 0 1
92 14 0 2
93 15 0 2
94 12 0 2
95 13 0 2
96 16 0 1
97 14 0 2
98 14 0 2
99 17 0 2
100 18 0 2
101 18 0 1
102 16 0 2
103 13 0 2
104 14 0 2
105 14 0 2
106 14 0 1
107 14 0 2
108 15 0 2
109 16 0 2
110 14 0 2
111 14 0 1
112 16 0 2
113 12 0 1
114 11 0 2
115 14 0 1
116 13 0 2
117 12 0 1
118 12 0 2
119 13 0 1
120 14 0 1
121 13 0 2
122 13 0 1
123 10 0 1
124 8 0 2
125 7 0 2
126 6 0 2
127 6 0 2
128 8 0 1
129 8 0 2
130 10 0 2
131 13 0 2
132 14 0 1
133 15 0 1
134 14 0 2
135 12 0 2
136 12 0 2
137 11 0 2
138 11 0 2
139 12 0 2
140 12 0 2
141 12 0 2
142 12 0 1
143 12 0 2
144 13 0 2
145 14 0 2
146 14 0 2
147 12 0 2
148 10 0 1
149 12 0 2
150 13 0 2
151 13 0 1
152 13 0 2
153 11 0 1
154 10 0 2
155 8 0 2
156 10 0 3
157 13 0 1
158 15 0 2
159 15 0 1
160 13 0 2
161 13 0 2
162 14 0 1
163 10 0 1
164 10 0 2
165 12 0 0
166 13 0 1
167 15 0 1
168 14 0 1
169 13 0 2
170 13 0 1
171 12 0 2
172 11 0 2
173 12 0 3
174 13 0 3
175 16 0 2
176 14 0 1
177 15 0 1
178 14 0 1
179 16 0 3
180 13 0 1
181 18 0 2
182 15 0 2
183 16 0 2
184 14 0 2
185 13 0 3
186 14 0 2
187 16 0 1
188 14 0 2
189 14 0 1
190 16 0 2
191 17 0 2
192 17 0 1
193 17 0 2
194 16 0 2
195 14 0 3
196 12 0 3
197 11 0 2
198 11 0 2
199 11 0 3
200 10 0 3
201 10 0 2
202 11 0 1
203 13 0 2
204 12 0 2
205 12 0 3
206 13 0 1
207 15 0 2
208 15 0 1
209 16 0 1
210 17 0 2
211 17 0 3
212 18 0 3
213 16 0 2
214 17 0 2
215 15 0 3
216 14 0 2
217 11 0 2
218 12 0 3
219 14 0 2
220 14 0 2
221 16 0 2
222 16 0 3
223 16 0 2
224 14 0 2
225 15 0 2
226 15 0 2
227 17 0 2
228 18 0 2
229 15 0 2
230 17 0 2
231 14 0 3
232 14 0 2
233 14 0 2
234 13 0 2
235 15 0 2
236 12 0 3
237 12 0 2
238 11 0 2
239 12 0 2
240 14 0 3
241 15 0 3
242 15 0 2
243 14 0 2
244 13 0 2
245 13 0 3
246 16 0 2
247 15 0 2
248 13 0 2
249 13 0 2
250 15 0 3
251 17 0 2
252 18 0 2
253 16 0 2
254 18 0 2
255 17 0 2
256 16 0 3
257 15 0 2
258 16 0 2
259 15 0 2
260 16 0 2
261 17 0 3
262 16 0 2
263 16 0 2
264 15 0 2
265 16 0 3
266 15 0 3
267 15 0 2
268 18 0 2
269 19 0 2
270 16 0 2
271 13 0 1
272 16 0 3
273 18 0 3
274 18 0 2
275 18 0 3
276 19 0 3
277 18 0 3
278 18 0 4
279 18 0 3
280 18 0 2
281 22 0 2
282 20 0 3
283 20 0 2
284 19 0 3
285 20 0 3
286 21 0 2
287 17 0 3
288 18 0 2
289 18 0 3
290 17 0 3
291 19 0 3
292 17 0 2
293 16 0 2
294 17 0 2
295 17 0 3
296 16 0 3
297 15 0 3
298 14 0 1
299 16 0 2
300 16 0 4
301 19 0 1
302 19 0 2
303 18 0 3
304 16 0 3
305 16 0 3
306 16 0 3
307 16 0 2
308 14 0 2
309 15 0 2
310 17 0 2
311 18 0 4
312 19 0 2
313 19 0 2
314 20 0 2
315 21 0 3
316 18 0 3
317 15 0 2
318 19 0 1
319 19 0 1
320 22 0 2
321 22 0 3
322 22 0 2
323 20 0 2
324 21 0 2
325 19 0 3
326 18 0 3
327 17 0 2
328 15 0 2
329 16 0 3
330 17 0 4
331 16 0 3
332 18 0 2
333 18 0 3
334 18 0 3
335 19 0 3
336 19 0 1
337 18 0 3
338 20 0 2
339 18 0 3
340 16 0 2
341 13 0 1
342 14 0 3
343 15 0 3
344 18 0 2
345 19 0 2
346 17 0 2
347 17 0 4
348 15 0 3
349 15 0 2
350 14 0 2
351 15 0 2
352 18 0 2
353 17 0 3
354 19 0 1
355 18 0 1
356 20 0 2
357 20 0 3
358 19 0 3
359 18 0 2
360 20 0 2
361 20 0 2
362 19 0 3
363 18 0 2
364 19 0 2
365 18 0 3
366 16 0 3
367 17 0 3
368 17 0 3
369 18 0 2
370 17 0 3
371 18 0 2
372 17 0 2
373 18 0 3
374 17 0 2
375 15 0 3
376 15 0 4
377 18 0 3
378 19 0 1
379 21 0 2
380 21 0 2
381 21 0 4
382 18 0 2
383 17 0 1
384 18 0 2
385 14 0 2
386 16 0 1
387 14 0 2
388 18 0 2
389 20 0 3
390 19 0 3
391 20 0 2
392 19 0 2
393 20 0 2
394 21 0 2
395 22 0 4
396 18 0 2
397 20 0 2
398 18 0 2
399 17 0 2
400 16 0 3
