0 0 0 0
1 0 0 0
2 0 0 0
3 0 0 0
4 0 0 0
5 0 0 0
6 0 0 0
7 0 0 0
8 0 0 0
9 0 0 0
10 0 0 0
11 0 0 0
12 0 0 0
13 0 0 0
14 0 0 0
15 1 0 0
16 1 0 0
17 2 0 0
18 1 0 0
19 0 0 1
20 0 0 1
21 2 0 1
22 4 0 1
23 4 0 0
24 1 0 0
25 2 0 0
26 3 0 1
27 5 0 0
28 6 0 2
29 5 0 2
30 3 0 2
31 7 0 2
32 6 0 2
33 7 0 1
34 8 0 2
35 7 0 2
36 9 0 1
37 9 0 1
38 7 0 1
39 7 0 0
40 7 0 1
41 8 0 2
42 12 0 1
43 12 0 2
44 13 0 2
45 11 0 1
46 13 0 0
47 13 0 2
48 12 0 1
49 13 0 2
50 11 0 0
51 13 0 0
52 13 0 0
53 13 0 1
54 13 0 2
55 11 0 2
56 10 0 2
57 14 0 2
58 11 0 2
59 14 0 2
60 12 0 2
61 13 0 2
62 14 0 2
63 15 0 1
64 16 0 2
65 18 0 2
66 17 0 2
67 15 0 2
68 16 0 2
69 19 0 2
70 14 0 2
71 19 0 2
72 15 0 2
73 15 0 2
74 15 0 2
75 15 0 1
76 16 0 2
77 16 0 2
78 18 0 2
79 15 0 2
80 14 0 2
81 16 0 1
82 20 0 2
83 19 0 2
84 17 0 2
85 16 0 2
86 19 0 2
87 19 0 1
88 17 0 1
89 18 0 3
90 22 0 2
91 22 0 2
92 23 0 3
93 22 0 1
94 20 0 3
95 21 0 2
96 23 0 2
97 24 0 2
98 24 0 2
99 19 0 1
100 17 0 1
101 17 0 3
102 16 0 2
103 19 0 1
104 19 0 2
105 17 0 3
106 18 0 3
107 19 0 3
108 19 0 2
109 18 0 2
110 17 0 2
111 15 0 4
112 18 0 3
113 19 0 2
114 17 0 2
115 17 0 4
116 18 0 5
117 19 0 4
118 17 0 3
119 17 0 3
120 15 0 2
121 17 0 3
122 17 0 4
123 20 0 4
124 18 0 3
125 22 0 1
126 22 0 3
127 21 0 4
128 22 0 2
129 23 0 3
130 23 0 4
131 23 0 3
132 22 0 4
133 21 0 4
134 21 0 3
135 20 0 4
136 18 0 4
137 18 0 3
138 19 0 3
139 19 0 3
140 20 0 4
141 19 0 3
142 20 0 3
143 19 0 2
144 17 0 3
145 17 0 3
146 18 0 4
147 20 0 3
148 22 0 4
149 21 0 4
150 22 0 3
151 19 0 3
152 22 0 4
153 21 0 3
154 24 0 4
155 22 0 4
156 21 0 4
157 20 0 4
158 17 0 4
159 20 0 3
160 18 0 3
161 18 0 4
162 19 0 4
163 21 0 3
164 19 0 4
165 19 0 4
166 18 0 3
167 20 0 3
168 17 0 4
169 17 0 4
170 15 0 4
171 14 0 4
172 13 0 5
173 16 0 5
174 15 0 4
175 14 0 3
176 16 0 5
177 16 0 5
178 18 0 5
179 16 0 6
180 17 0 5
181 19 0 5
182 20 0 4
183 18 0 5
184 18 0 6
185 16 0 5
186 18 0 4
187 19 0 5
188 20 0 5
189 18 0 5
190 19 0 4
191 20 0 5
192 21 0 4
193 20 0 4
194 21 0 5
195 21 0 5
196 19 0 5
197 20 0 5
198 20 0 4
199 19 0 5
200 19 0 6
201 21 0 5
202 20 0 5
203 21 0 5
204 20 0 4
205 19 0 4
206 21 0 3
207 21 0 5
208 25 0 3
209 24 0 3
210 22 0 6
211 22 0 5
212 23 0 4
213 21 0 4
214 23 0 6
215 23 0 6
216 22 0 5
217 21 0 5
218 21 0 6
219 21 0 5
220 22 0 6
221 25 0 5
222 25 0 6
223 22 0 5
224 22 0 5
225 23 0 5
226 21 0 5
227 21 0 5
228 17 0 4
229 20 0 6
230 22 0 6
231 21 0 4
232 21 0 3
233 23 0 5
234 23 0 3
235 19 0 5
236 18 0 6
237 20 0 6
238 23 0 5
239 24 0 5
240 26 0 6
241 28 0 6
242 26 0 5
243 26 0 6
244 27 0 6
245 26 0 5
246 24 0 6
247 24 0 6
248 25 0 6
249 27 0 5
250 25 0 6
251 27 0 6
252 28 0 5
253 28 0 5
254 24 0 5
255 24 0 6
256 22 0 6
257 20 0 5
258 24 0 5
259 26 0 5
260 27 0 6
261 28 0 5
262 26 0 5
263 25 0 5
264 27 0 5
265 28 0 4
266 28 0 4
267 27 0 4
268 28 0 4
269 28 0 4
270 29 0 6
271 28 0 5
272 26 0 4
273 25 0 5
274 27 0 5
275 27 0 5
276 29 0 5
277 26 0 5
278 25 0 5
279 27 0 5
280 26 0 6
281 24 0 6
282 26 0 6
283 26 0 6
284 26 0 6
285 28 0 7
286 28 0 6
287 28 0 6
288 28 0 6
289 27 0 7
290 28 0 7
291 28 0 6
292 25 0 6
293 29 0 7
294 26 0 7
295 26 0 6
296 25 0 6
297 23 0 7
298 21 0 6
299 27 0 6
300 28 0 7
301 27 0 7
302 27 0 6
303 28 0 7
304 25 0 6
305 23 0 6
306 23 0 6
307 22 0 6
308 26 0 5
309 28 0 5
310 29 0 5
311 29 0 5
312 27 0 5
313 28 0 6
314 27 0 6
315 27 0 6
316 27 0 6
317 28 0 6
318 29 0 6
319 30 0 5
320 31 0 6
321 31 0 5
322 30 0 6
323 27 0 5
324 29 0 6
325 29 0 5
326 30 0 6
327 30 0 6
328 30 0 5
329 31 0 5
330 31 0 6
331 32 0 4
332 29 0 6
333 27 0 6
334 25 0 5
335 25 0 6
336 28 0 6
337 28 0 6
338 27 0 5
339 28 0 6
340 30 0 6
341 29 0 6
342 26 0 6
343 27 0 5
344 28 0 6
345 32 0 6
346 31 0 6
347 31 0 6
348 31 0 6
349 31 0 6
350 29 0 6
351 30 0 6
352 29 0 5
353 28 0 6
354 28 0 6
355 32 0 6
356 32 0 6
357 33 0 6
358 33 0 6
359 32 0 6
360 32 0 6
361 31 0 6
362 31 0 6
363 27 0 6
364 25 0 6
365 27 0 6
366 30 0 5
367 29 0 6
368 27 0 6
369 29 0 6
370 32 0 6
371 31 0 6
372 29 0 6
373 28 0 6
374 31 0 6
375 27 0 6
376 26 0 6
377 24 0 6
378 29 0 6
379 28 0 5
380 28 0 6
381 31 0 5
382 30 0 7
383 29 0 7
384 30 0 5
385 31 0 5
386 30 0 4
387 32 0 4
388 34 0 6
389 33 0 4
390 32 0 4
391 33 0 5
392 33 0 5
393 34 0 6
394 35 0 6
395 32 0 7
396 30 0 6
397 29 0 6
398 30 0 6
399 31 0 6
400 32 0 5
