0 0 0 0
1 0 0 0
2 0 0 0
3 0 0 0
4 0 0 0
5 0 0 0
6 0 0 0
7 0 0 0
8 1 0 0
9 1 0 0
10 1 0 0
11 1 0 0
12 1 0 0
13 1 0 0
14 1 0 0
15 1 0 0
16 1 0 0
17 1 0 0
18 1 0 0
19 1 0 0
20 1 0 0
21 2 0 0
22 4 0 0
23 3 0 0
24 5 0 0
25 5 0 0
26 5 0 0
27 3 0 0
28 5 0 0
29 6 0 0
30 8 0 0
31 6 0 0
32 8 0 0
33 9 0 0
34 9 0 0
35 10 0 0
36 13 0 0
37 11 0 0
38 8 0 0
39 8 0 0
40 12 0 1
41 13 0 1
42 14 0 1
43 14 0 0
44 15 0 1
45 14 0 1
46 13 0 1
47 14 0 1
48 16 0 1
49 16 0 1
50 14 0 0
51 14 0 0
52 15 0 1
53 13 0 1
54 14 0 0
55 14 0 2
56 14 0 2
57 13 0 0
58 15 0 2
59 14 0 2
60 13 0 3
61 15 0 2
62 17 0 3
63 17 0 1
64 17 0 2
65 16 0 2
66 17 0 1
67 15 0 0
68 17 0 3
69 18 0 2
70 15 0 2
71 14 0 0
72 15 0 2
73 15 0 1
74 15 0 1
75 15 0 2
76 15 0 3
77 15 0 2
78 16 0 2
79 16 0 2
80 14 0 2
81 18 0 3
82 17 0 3
83 18 0 2
84 16 0 2
85 19 0 2
86 18 0 3
87 20 0 3
88 21 0 3
89 19 0 1
90 19 0 4
91 20 0 3
92 21 0 3
93 22 0 2
94 20 0 2
95 19 0 2
96 19 0 4
97 19 0 3
98 22 0 3
99 22 0 3
100 22 0 3
101 21 0 2
102 20 0 3
103 22 0 3
104 21 0 3
105 23 0 4
106 23 0 4
107 21 0 3
108 21 0 3
109 19 0 4
110 20 0 4
111 20 0 3
112 22 0 4
113 20 0 3
114 21 0 3
115 19 0 3
116 20 0 3
117 19 0 3
118 18 0 3
119 18 0 3
120 21 0 3
121 21 0 2
122 19 0 3
123 19 0 3
124 17 0 3
125 19 0 3
126 19 0 3
127 18 0 3
128 18 0 2
129 19 0 1
130 20 0 3
131 22 0 3
132 22 0 2
133 23 0 1
134 22 0 2
135 19 0 4
136 18 0 3
137 20 0 3
138 20 0 4
139 19 0 4
140 18 0 3
141 17 0 3
142 19 0 3
143 22 0 4
144 23 0 2
145 20 0 3
146 19 0 4
147 17 0 4
148 17 0 4
149 18 0 3
150 21 0 3
151 19 0 2
152 19 0 2
153 18 0 4
154 18 0 4
155 19 0 3
156 20 0 4
157 18 0 5
158 18 0 5
159 18 0 4
160 16 0 5
161 16 0 5
162 18 0 3
163 18 0 3
164 22 0 4
165 21 0 4
166 20 0 5
167 16 0 5
168 18 0 3
169 16 0 3
170 18 0 5
171 18 0 5
172 19 0 3
173 20 0 4
174 23 0 5
175 23 0 2
176 26 0 3
177 20 0 3
178 19 0 2
179 16 0 4
180 18 0 5
181 19 0 5
182 17 0 5
183 18 0 4
184 20 0 5
185 19 0 6
186 22 0 5
187 24 0 4
188 23 0 4
189 23 0 6
190 23 0 6
191 23 0 5
192 26 0 5
193 25 0 6
194 27 0 4
195 26 0 5
196 26 0 5
197 25 0 6
198 25 0 6
199 21 0 5
200 22 0 5
201 26 0 4
202 27 0 7
203 24 0 7
204 24 0 4
205 24 0 4
206 27 0 7
207 24 0 8
208 24 0 4
209 23 0 5
210 22 0 6
211 25 0 4
212 27 0 3
213 28 0 6
214 26 0 6
215 25 0 6
216 23 0 5
217 22 0 7
218 22 0 7
219 22 0 8
220 23 0 9
221 26 0 7
222 24 0 5
223 24 0 6
224 27 0 8
225 27 0 7
226 32 0 7
227 29 0 7
228 29 0 8
229 26 0 8
230 28 0 8
231 27 0 6
232 27 0 9
233 22 0 10
234 22 0 8
235 21 0 9
236 23 0 8
237 24 0 8
238 25 0 8
239 23 0 9
240 23 0 10
241 28 0 9
242 28 0 10
243 29 0 12
244 31 0 11
245 27 0 8
246 28 0 9
247 27 0 8
248 26 0 8
249 28 0 10
250 26 0 9
251 25 0 10
252 27 0 8
253 25 0 10
254 27 0 9
255 24 0 9
256 26 0 9
257 27 0 6
258 30 0 7
259 32 0 10
260 29 0 8
261 31 0 8
262 25 0 11
263 30 0 9
264 33 0 6
265 28 0 7
266 26 0 10
267 30 0 11
268 29 0 10
269 25 0 10
270 23 0 9
271 24 0 10
272 28 0 9
273 29 0 9
274 27 0 11
275 27 0 11
276 28 0 9
277 29 0 9
278 24 0 9
279 29 0 8
280 30 0 11
281 28 0 11
282 31 0 11
283 30 0 11
284 30 0 12
285 26 0 11
286 27 0 12
287 27 0 11
288 32 0 12
289 31 0 11
290 30 0 11
291 31 0 12
292 31 0 12
293 31 0 9
294 30 0 10
295 29 0 9
296 31 0 9
297 32 0 10
298 32 0 10
299 32 0 11
300 33 0 9
301 35 0 10
302 33 0 10
303 30 0 10
304 31 0 12
305 31 0 11
306 29 0 12
307 28 0 12
308 29 0 12
309 29 0 10
310 33 0 12
311 32 0 12
312 33 0 12
313 34 0 10
314 33 0 12
315 32 0 12
316 31 0 13
317 34 0 12
318 36 0 11
319 37 0 11
320 33 0 10
321 35 0 10
322 34 0 11
323 35 0 11
324 35 0 9
325 32 0 11
326 37 0 11
327 38 0 9
328 39 0 10
329 39 0 11
330 35 0 10
331 34 0 9
332 35 0 11
333 33 0 11
334 34 0 11
335 37 0 11
336 36 0 12
337 36 0 9
338 35 0 9
339 36 0 9
340 35 0 9
341 35 0 10
342 31 0 11
343 35 0 11
344 34 0 9
345 34 0 10
346 36 0 10
347 36 0 11
348 35 0 11
349 36 0 12
350 34 0 12
351 35 0 11
352 32 0 9
353 33 0 10
354 32 0 13
355 34 0 13
356 35 0 12
357 32 0 12
358 29 0 11
359 30 0 11
360 32 0 11
361 36 0 12
362 38 0 12
363 36 0 8
364 39 0 11
365 38 0 12
366 38 0 12
367 34 0 11
368 32 0 13
369 33 0 13
370 38 0 11
371 40 0 11
372 43 0 14
373 40 0 12
374 40 0 12
375 38 0 12
376 41 0 12
377 39 0 12
378 36 0 13
379 38 0 12
380 37 0 13
381 39 0 12
382 39 0 13
383 44 0 13
384 44 0 14
385 43 0 11
386 44 0 12
387 41 0 12
388 40 0 7
389 39 0 10
390 40 0 10
391 41 0 10
392 40 0 14
393 38 0 10
394 42 0 14
395 43 0 14
396 43 0 13
397 41 0 13
398 41 0 13
399 44 0 11
400 42 0 13
