0 0 0 0
1 0 0 0
2 0 0 0
3 0 0 0
4 0 0 0
5 0 0 0
6 0 0 0
7 0 0 0
8 0 0 0
9 0 0 0
10 0 0 0
11 0 0 0
12 0 0 0
13 0 0 0
14 0 0 0
15 0 0 0
16 1 0 0
17 1 0 0
18 0 0 0
19 1 0 0
20 2 0 0
21 4 0 0
22 4 0 0
23 5 0 0
24 6 0 0
25 5 0 0
26 4 0 0
27 4 0 0
28 7 0 0
29 8 0 0
30 6 0 0
31 5 0 0
32 5 0 0
33 6 0 0
34 8 0 0
35 7 0 0
36 7 0 0
37 8 0 0
38 7 0 0
39 9 0 0
40 9 0 0
41 11 0 0
42 12 0 0
43 12 0 0
44 9 0 0
45 9 0 0
46 13 0 0
47 11 0 0
48 11 0 0
49 12 0 0
50 14 0 0
51 11 0 0
52 12 0 0
53 11 0 0
54 13 0 0
55 14 0 0
56 13 0 0
57 9 0 0
58 12 0 0
59 14 0 0
60 12 0 0
61 14 0 0
62 15 0 0
63 12 0 0
64 12 0 0
65 14 0 0
66 14 0 0
67 12 0 0
68 14 0 0
69 12 0 0
70 13 0 0
71 13 0 0
72 13 0 0
73 16 0 0
74 15 0 0
75 13 0 0
76 14 0 0
77 14 0 0
78 16 0 0
79 12 0 0
80 14 0 0
81 12 0 0
82 11 0 0
83 15 0 0
84 14 0 0
85 13 0 0
86 16 0 0
87 17 0 0
88 15 0 0
89 16 0 0
90 14 0 0
91 12 0 0
92 14 0 0
93 15 0 0
94 16 0 0
95 15 0 0
96 15 0 0
97 15 0 0
98 19 0 0
99 18 0 0
100 17 0 0
101 17 0 0
102 18 0 0
103 16 0 0
104 14 0 0
105 13 0 0
106 13 0 0
107 12 0 0
108 12 0 0
109 15 0 0
110 15 0 0
111 14 0 0
112 13 0 0
113 14 0 0
114 14 0 0
115 15 0 0
116 16 0 0
117 16 0 0
118 17 0 0
119 17 0 0
120 19 0 0
121 19 0 0
122 16 0 0
123 16 0 0
124 15 0 0
125 14 0 0
126 15 0 0
127 13 0 0
128 16 0 0
129 17 0 0
130 16 0 0
131 16 0 0
132 14 0 0
133 12 0 0
134 13 0 0
135 14 0 0
136 15 0 0
137 14 0 0
138 16 0 0
139 14 0 0
140 15 0 0
141 13 0 0
142 13 0 0
143 12 0 0
144 12 0 0
145 15 0 0
146 14 0 0
147 15 0 0
148 15 0 0
149 14 0 0
150 14 0 0
151 15 0 0
152 15 0 0
153 15 0 0
154 16 0 0
155 16 0 0
156 16 0 0
157 14 0 0
158 13 0 0
159 10 0 0
160 14 0 0
161 15 0 0
162 12 0 0
163 13 0 0
164 16 0 0
165 17 0 0
166 17 0 0
167 17 0 0
168 16 0 0
169 15 0 0
170 15 0 0
171 13 0 0
172 14 0 0
173 16 0 0
174 14 0 0
175 14 0 0
176 14 0 0
177 14 0 0
178 14 0 0
179 14 0 0
180 13 0 0
181 14 0 0
182 15 0 0
183 15 0 0
184 14 0 0
185 13 0 0
186 13 0 0
187 14 0 0
188 12 0 0
189 13 0 0
190 12 0 0
191 12 0 0
192 13 0 0
193 13 0 0
194 14 0 0
195 15 0 0
196 16 0 0
197 17 0 0
198 16 0 0
199 15 1 0
200 13 0 0
201 14 1 0
202 15 0 0
203 13 1 0
204 14 1 0
205 13 1 0
206 12 1 0
207 13 1 0
208 15 1 0
209 16 1 0
210 15 1 0
211 16 0 0
212 19 1 0
213 19 0 0
214 19 1 0
215 18 0 0
216 17 1 0
217 16 1 0
218 14 0 0
219 17 1 0
220 17 0 0
221 15 1 0
222 12 1 0
223 12 1 0
224 11 1 0
225 13 1 0
226 14 1 0
227 13 0 0
228 12 1 0
229 16 0 0
230 16 1 0
231 17 1 0
232 15 1 0
233 16 1 0
234 17 1 0
235 18 1 0
236 17 1 0
237 14 1 0
238 14 0 0
239 15 1 0
240 17 1 0
241 17 1 0
242 16 1 0
243 14 1 0
244 14 1 0
245 15 1 0
246 18 1 0
247 18 1 0
248 18 1 0
249 17 1 0
250 16 1 0
251 17 1 0
252 16 0 0
253 16 1 0
254 15 1 0
255 17 1 0
256 17 1 0
257 18 1 0
258 18 1 0
259 16 1 0
260 13 1 0
261 14 1 0
262 13 1 0
263 14 1 0
264 15 0 0
265 14 1 0
266 18 1 0
267 17 1 0
268 16 1 0
269 16 1 0
270 17 1 0
271 16 0 0
272 16 1 0
273 15 1 0
274 16 1 0
275 17 1 0
276 16 1 0
277 15 1 0
278 17 0 0
279 14 1 0
280 15 1 0
281 17 1 0
282 16 1 0
283 15 1 0
284 16 1 0
285 17 1 0
286 17 1 0
287 17 1 0
288 16 1 0
289 15 1 0
290 17 1 0
291 17 1 0
292 15 1 0
293 16 1 0
294 17 1 0
295 17 1 0
296 15 1 0
297 15 1 0
298 19 1 0
299 17 1 0
300 17 1 0
301 17 1 0
302 17 1 0
303 17 1 0
304 18 1 0
305 17 1 0
306 18 1 0
307 18 1 0
308 19 1 0
309 19 1 0
310 17 1 0
311 16 1 0
312 15 1 0
313 14 1 0
314 15 1 0
315 15 1 0
316 15 1 0
317 17 1 0
318 16 1 0
319 18 1 0
320 18 1 0
321 19 1 0
322 20 1 0
323 19 1 0
324 19 1 0
325 19 1 0
326 19 1 0
327 17 1 0
328 18 1 0
329 17 1 0
330 16 1 0
331 16 0 0
332 16 1 0
333 16 1 0
334 15 1 0
335 12 1 0
336 13 1 0
337 12 1 0
338 13 1 0
339 15 1 0
340 16 0 0
341 16 1 0
342 15 1 0
343 15 1 0
344 15 1 0
345 14 1 0
346 17 1 0
347 17 1 0
348 17 1 0
349 19 1 0
350 16 1 0
351 16 1 0
352 18 1 0
353 17 1 0
354 16 1 0
355 13 1 0
356 16 1 0
357 17 1 0
358 17 1 0
359 17 1 0
360 15 1 0
361 16 1 0
362 17 1 0
363 16 1 0
364 16 1 0
365 13 1 0
366 14 1 0
367 16 1 0
368 16 1 0
369 18 1 0
370 15 1 0
371 13 0 0
372 15 1 0
373 18 0 0
374 17 0 0
375 16 0 0
376 16 0 0
377 16 1 0
378 16 1 0
379 15 1 0
380 13 1 0
381 16 1 0
382 14 1 0
383 16 1 0
384 15 1 0
385 16 1 0
386 15 1 0
387 14 1 0
388 15 0 0
389 17 0 0
390 15 0 0
391 17 0 0
392 15 1 0
393 16 1 0
394 16 1 0
395 14 1 0
396 16 1 0
397 14 1 0
398 14 1 0
399 15 1 0
400 15 1 0
