0 0 0 0
1 0 0 0
2 0 0 0
3 0 0 0
4 0 0 0
5 0 0 0
6 0 0 0
7 0 0 0
8 0 0 0
9 0 0 0
10 0 0 0
11 0 0 0
12 0 0 0
13 1 0 0
14 1 0 0
15 0 0 0
16 0 0 0
17 1 0 0
18 1 0 0
19 0 0 0
20 0 0 0
21 0 0 0
22 0 0 0
23 1 0 0
24 1 0 0
25 2 0 0
26 2 0 0
27 3 0 0
28 3 0 0
29 3 0 0
30 3 0 0
31 3 0 0
32 1 0 0
33 3 0 0
34 5 0 0
35 4 0 0
36 4 0 0
37 4 0 0
38 4 0 0
39 5 0 0
40 6 0 1
41 6 0 0
42 6 0 0
43 6 0 1
44 7 0 0
45 7 0 0
46 8 0 1
47 6 0 0
48 5 0 0
49 7 0 1
50 8 0 0
51 6 0 0
52 7 0 1
53 9 0 0
54 10 0 0
55 8 0 1
56 7 0 0
57 7 0 0
58 10 0 1
59 10 0 1
60 8 0 0
61 10 0 0
62 11 0 0
63 9 0 1
64 12 0 1
65 11 0 1
66 9 0 0
67 11 0 0
68 10 0 1
69 11 0 1
70 11 0 0
71 10 0 1
72 12 0 1
73 11 0 1
74 12 0 0
75 11 0 0
76 12 0 0
77 13 0 1
78 12 0 1
79 12 0 0
80 13 0 0
81 12 0 0
82 13 0 1
83 12 0 0
84 13 0 1
85 12 0 1
86 14 0 1
87 14 0 1
88 13 0 1
89 13 0 1
90 13 0 0
91 14 0 1
92 13 0 1
93 13 0 1
94 12 0 0
95 13 0 0
96 14 0 1
97 15 0 1
98 14 0 1
99 13 0 0
100 11 0 0
101 11 0 1
102 10 0 1
103 10 0 1
104 11 0 0
105 12 0 0
106 11 0 1
107 10 0 1
108 11 0 0
109 13 0 0
110 13 0 1
111 12 0 1
112 13 0 0
113 15 0 0
114 13 0 1
115 12 0 0
116 12 0 0
117 14 0 0
118 14 0 1
119 14 0 1
120 14 0 0
121 12 0 0
122 11 0 1
123 12 0 1
124 11 0 0
125 10 0 0
126 11 0 0
127 11 0 1
128 12 0 1
129 11 0 0
130 10 0 0
131 10 0 0
132 13 0 1
133 12 0 0
134 13 0 0
135 11 0 0
136 10 0 1
137 12 0 0
138 13 0 0
139 11 0 1
140 10 0 0
141 13 0 0
142 12 0 1
143 12 0 1
144 13 0 0
145 13 0 0
146 12 0 1
147 13 0 1
148 13 0 0
149 12 0 0
150 10 0 0
151 8 0 1
152 11 0 1
153 12 0 0
154 11 0 1
155 12 0 1
156 12 0 0
157 11 0 1
158 12 0 1
159 11 0 0
160 11 0 0
161 11 0 1
162 9 0 1
163 10 0 0
164 11 0 0
165 11 0 0
166 10 0 1
167 9 0 1
168 10 0 0
169 11 0 0
170 12 0 0
171 13 0 0
172 16 0 0
173 16 0 0
174 16 0 0
175 15 0 0
176 12 0 1
177 11 0 1
178 11 0 0
179 12 0 0
180 12 0 0
181 8 0 1
182 10 0 1
183 11 0 1
184 8 0 0
185 11 0 1
186 13 0 1
187 12 0 0
188 12 0 0
189 13 0 0
190 13 0 1
191 13 0 1
192 16 0 0
193 16 0 0
194 14 0 1
195 11 0 1
196 11 0 1
197 12 0 1
198 13 0 1
199 13 0 0
200 12 0 0
201 10 0 0
202 10 0 0
203 12 0 1
204 12 0 1
205 11 0 0
206 13 0 0
207 11 0 0
208 11 0 2
209 11 0 0
210 12 0 0
211 13 0 1
212 14 0 2
213 18 0 1
214 17 0 0
215 16 0 0
216 14 0 2
217 12 0 1
218 12 0 1
219 12 0 1
220 10 0 1
221 11 0 1
222 12 0 1
223 14 0 0
224 16 0 1
225 16 0 2
226 15 0 1
227 16 0 0
228 14 0 1
229 13 0 1
230 12 0 1
231 11 0 0
232 12 0 1
233 16 0 2
234 15 0 0
235 15 0 0
236 16 0 1
237 15 0 2
238 17 0 1
239 15 0 1
240 14 0 1
241 12 0 2
242 12 0 1
243 12 0 1
244 11 0 1
245 12 0 2
246 14 0 1
247 15 0 1
248 14 0 1
249 14 0 2
250 15 0 1
251 12 0 1
252 12 0 1
253 13 0 1
254 15 0 2
255 13 0 2
256 13 0 0
257 13 0 1
258 14 0 0
259 14 0 1
260 17 0 2
261 20 0 1
262 18 0 0
263 18 0 1
264 15 0 2
265 17 0 0
266 16 0 1
267 18 0 1
268 13 0 1
269 15 0 1
270 16 0 0
271 17 0 2
272 14 0 2
273 14 0 0
274 16 0 0
275 13 0 1
276 16 0 1
277 16 0 2
278 18 0 2
279 16 0 0
280 17 0 0
281 17 0 1
282 15 0 2
283 14 0 0
284 14 0 0
285 13 0 0
286 14 0 0
287 14 0 1
288 14 0 2
289 13 0 0
290 13 0 0
291 13 0 1
292 14 0 1
293 14 0 1
294 14 0 0
295 14 0 1
296 16 0 1
297 16 0 1
298 15 0 0
299 12 0 1
300 12 0 2
301 13 0 1
302 13 0 2
303 13 0 2
304 12 0 0
305 12 0 0
306 11 0 0
307 12 0 2
308 12 0 2
309 14 0 0
310 15 0 1
311 14 0 1
312 14 0 1
313 12 0 0
314 11 0 2
315 14 0 3
316 13 0 4
317 11 0 3
318 10 0 3
319 11 0 2
320 12 0 2
321 11 0 3
322 11 0 2
323 10 0 3
324 11 0 3
325 13 0 1
326 14 0 2
327 14 0 2
328 15 0 2
329 13 0 2
330 14 0 2
331 14 0 3
332 17 0 2
333 17 0 0
334 16 0 2
335 14 0 3
336 14 0 2
337 14 0 0
338 15 0 2
339 12 0 3
340 12 0 3
341 12 0 2
342 14 0 1
343 15 0 2
344 16 0 2
345 14 0 3
346 13 0 2
347 13 0 1
348 12 0 1
349 12 0 2
350 13 0 4
351 15 0 4
352 15 0 3
353 15 0 2
354 13 0 2
355 16 0 3
356 18 0 2
357 15 0 2
358 15 0 3
359 17 0 2
360 18 0 1
361 18 0 3
362 18 0 4
363 16 0 3
364 15 0 2
365 15 0 3
366 12 0 3
367 13 0 4
368 16 0 3
369 16 0 3
370 17 0 2
371 16 0 2
372 15 0 5
373 13 0 5
374 13 0 2
375 14 0 1
376 14 0 1
377 15 0 5
378 14 0 3
379 16 0 1
380 16 0 3
381 15 0 3
382 16 0 3
383 17 0 4
384 18 0 3
385 19 0 3
386 19 0 3
387 20 0 6
388 17 0 6
389 18 0 4
390 17 0 3
391 20 0 3
392 19 0 4
393 17 0 3
394 17 0 4
395 18 0 5
396 19 0 5
397 16 0 4
398 17 0 4
399 17 0 5
400 16 0 5
