0 0 0 0
1 0 0 0
2 0 0 0
3 0 0 0
4 0 0 0
5 0 0 0
6 0 0 0
7 0 0 0
8 0 0 0
9 0 0 0
10 0 0 0
11 0 0 0
12 0 0 0
13 0 0 0
14 0 0 0
15 1 0 0
16 2 0 0
17 1 0 0
18 1 0 0
19 1 0 0
20 3 0 0
21 3 0 0
22 3 0 0
23 4 0 0
24 4 0 0
25 3 0 0
26 3 0 0
27 5 0 0
28 3 0 0
29 4 0 0
30 4 0 0
31 7 0 0
32 6 0 0
33 5 0 0
34 4 0 0
35 5 0 0
36 7 0 0
37 6 0 0
38 4 0 0
39 8 0 0
40 8 0 0
41 9 0 0
42 8 0 0
43 9 0 0
44 8 0 0
45 9 0 0
46 9 0 0
47 9 0 0
48 8 0 0
49 10 0 0
50 10 0 0
51 9 0 0
52 9 0 0
53 10 0 0
54 9 0 0
55 12 0 0
56 11 0 0
57 11 0 0
58 10 0 0
59 10 0 0
60 12 0 0
61 12 0 0
62 12 0 0
63 11 0 0
64 16 0 0
65 17 0 0
66 18 0 0
67 15 0 0
68 16 0 0
69 15 0 0
70 18 0 0
71 15 0 0
72 17 0 0
73 18 0 0
74 15 0 0
75 17 0 0
76 18 0 0
77 19 0 0
78 20 0 0
79 19 0 0
80 18 0 0
81 17 0 0
82 20 0 0
83 21 0 0
84 21 0 0
85 18 0 0
86 15 0 0
87 20 0 0
88 21 0 0
89 22 0 0
90 19 0 0
91 21 0 0
92 20 0 0
93 20 0 0
94 18 0 0
95 19 0 0
96 21 0 0
97 19 0 0
98 21 0 0
99 21 0 0
100 19 0 0
101 19 0 0
102 17 0 0
103 20 0 0
104 19 0 0
105 19 0 0
106 17 0 0
107 17 0 0
108 15 0 0
109 14 0 0
110 16 0 0
111 18 0 0
112 19 0 0
113 20 0 0
114 19 0 0
115 18 0 0
116 18 0 0
117 17 0 0
118 18 0 0
119 18 0 0
120 20 0 0
121 21 0 0
122 19 0 0
123 19 0 0
124 18 0 0
125 19 0 0
126 21 0 0
127 18 0 0
128 17 0 0
129 16 0 0
130 15 0 0
131 18 0 0
132 18 0 0
133 18 0 0
134 17 0 0
135 17 0 0
136 16 0 0
137 19 0 0
138 21 0 0
139 21 0 0
140 21 0 0
141 21 0 0
142 20 0 0
143 19 0 0
144 17 0 0
145 17 0 0
146 19 0 0
147 16 0 0
148 17 0 0
149 17 0 0
150 17 0 0
151 16 0 0
152 15 0 0
153 15 0 0
154 18 0 0
155 19 0 0
156 19 0 0
157 20 0 0
158 20 0 0
159 20 0 0
160 18 0 0
161 18 0 0
162 20 0 0
163 20 0 0
164 18 0 0
165 13 0 0
166 14 0 0
167 15 0 0
168 16 0 0
169 14 0 0
170 12 0 0
171 11 0 0
172 15 0 0
173 17 0 0
174 19 0 0
175 20 0 0
176 20 0 0
177 19 0 0
178 20 0 0
179 19 1 0
180 18 0 0
181 18 0 0
182 17 0 0
183 17 0 0
184 17 0 0
185 19 0 0
186 19 0 0
187 16 0 0
188 17 0 0
189 20 0 0
190 17 0 0
191 15 0 0
192 17 1 0
193 16 1 0
194 16 1 0
195 17 1 0
196 17 1 0
197 17 1 0
198 16 1 0
199 17 0 0
200 15 1 0
201 16 1 0
202 17 1 0
203 17 1 0
204 19 1 0
205 19 1 0
206 18 1 0
207 18 1 0
208 19 1 0
209 17 1 0
210 17 1 0
211 18 1 0
212 15 1 0
213 18 1 0
214 20 1 0
215 18 1 0
216 18 1 0
217 19 1 0
218 19 1 0
219 19 1 0
220 14 1 0
221 17 1 0
222 19 1 0
223 19 1 0
224 21 1 0
225 19 1 0
226 19 1 0
227 19 1 0
228 19 1 0
229 20 1 0
230 20 1 0
231 19 1 0
232 21 1 0
233 19 1 0
234 20 1 0
235 21 1 0
236 21 1 0
237 20 1 0
238 18 1 0
239 18 1 0
240 19 1 0
241 17 1 0
242 16 1 0
243 18 1 0
244 18 1 0
245 18 1 0
246 16 1 0
247 15 1 0
248 17 1 0
249 17 1 0
250 15 1 0
251 15 1 0
252 15 1 0
253 18 1 0
254 18 1 0
255 19 1 0
256 18 1 0
257 18 1 0
258 16 1 0
259 17 1 0
260 17 1 0
261 19 1 0
262 17 1 0
263 18 1 0
264 20 0 0
265 18 0 0
266 16 0 0
267 17 1 0
268 19 1 0
269 19 1 0
270 17 1 0
271 17 1 0
272 16 1 0
273 15 1 0
274 16 1 0
275 17 1 0
276 19 1 0
277 19 1 0
278 19 1 0
279 20 1 0
280 16 1 0
281 20 1 0
282 19 1 0
283 18 1 0
284 18 1 0
285 18 1 0
286 19 1 0
287 17 1 0
288 17 1 0
289 18 1 0
290 18 1 0
291 18 1 0
292 18 1 0
293 19 1 0
294 19 1 0
295 19 1 0
296 21 1 0
297 19 1 0
298 19 1 0
299 15 1 0
300 17 1 0
301 20 1 0
302 23 1 0
303 21 1 0
304 22 1 0
305 20 1 0
306 18 1 0
307 18 1 0
308 18 1 0
309 17 1 0
310 19 1 0
311 21 1 0
312 20 1 0
313 20 1 0
314 20 1 0
315 20 1 0
316 21 1 0
317 23 1 0
318 22 1 0
319 22 1 0
320 22 1 0
321 22 1 0
322 21 1 0
323 20 1 0
324 17 1 0
325 15 1 0
326 15 1 0
327 16 1 0
328 19 1 0
329 19 1 0
330 18 1 0
331 21 1 0
332 22 1 0
333 22 1 0
334 21 1 0
335 25 1 0
336 22 1 0
337 18 1 0
338 22 1 0
339 21 1 0
340 19 1 0
341 20 1 0
342 19 1 0
343 21 1 0
344 23 1 0
345 22 1 0
346 21 1 0
347 22 1 0
348 19 1 0
349 16 1 0
350 13 1 0
351 17 1 0
352 17 1 0
353 18 1 0
354 19 1 0
355 22 1 0
356 22 1 0
357 22 1 0
358 22 1 0
359 20 1 0
360 18 1 0
361 16 1 0
362 16 1 0
363 19 1 0
364 18 1 0
365 18 1 0
366 19 1 0
367 19 1 0
368 18 1 0
369 18 1 0
370 20 1 0
371 17 1 0
372 16 1 0
373 16 1 0
374 19 1 0
375 20 1 0
376 18 1 0
377 20 1 0
378 20 1 0
379 19 1 0
380 19 1 0
381 19 1 0
382 23 1 0
383 22 1 0
384 20 1 1
385 20 1 1
386 22 1 1
387 23 1 1
388 24 1 1
389 23 1 1
390 23 1 1
391 22 1 1
392 21 1 1
393 22 1 1
394 21 1 1
395 22 1 1
396 22 1 1
397 22 1 1
398 20 1 1
399 21 1 1
400 19 1 1
