0 0 0 0
1 0 0 0
2 0 0 0
3 0 0 0
4 0 0 0
5 0 0 0
6 0 0 0
7 0 0 0
8 1 0 0
9 1 0 0
10 1 0 0
11 1 0 0
12 2 0 0
13 2 0 0
14 2 0 0
15 1 0 0
16 1 0 0
17 1 0 0
18 3 0 0
19 2 0 0
20 2 0 0
21 2 0 0
22 3 0 0
23 3 0 0
24 3 0 0
25 3 0 0
26 4 0 0
27 5 0 0
28 5 0 0
29 5 0 0
30 8 0 0
31 7 0 0
32 7 0 0
33 7 0 0
34 6 0 0
35 8 0 0
36 12 0 0
37 12 0 1
38 10 0 1
39 9 0 1
40 8 0 0
41 10 0 0
42 11 0 1
43 12 0 1
44 12 0 1
45 10 0 1
46 9 0 1
47 10 0 0
48 14 0 0
49 14 0 0
50 13 0 1
51 11 0 1
52 11 0 1
53 12 0 1
54 12 0 1
55 12 0 1
56 13 0 1
57 15 0 1
58 15 0 1
59 15 0 0
60 11 0 0
61 14 0 1
62 17 0 1
63 16 0 1
64 15 0 1
65 15 0 1
66 17 0 1
67 16 0 1
68 16 0 1
69 17 0 1
70 18 0 0
71 16 0 0
72 18 0 0
73 17 0 1
74 17 0 1
75 18 0 1
76 17 0 1
77 16 0 1
78 16 0 1
79 17 0 0
80 13 0 0
81 17 0 0
82 18 0 0
83 17 0 1
84 18 0 1
85 17 0 0
86 18 0 0
87 18 0 0
88 17 0 0
89 16 0 0
90 18 0 0
91 18 0 0
92 17 0 0
93 16 0 0
94 15 0 0
95 18 0 1
96 18 0 1
97 18 0 1
98 19 0 1
99 19 0 0
100 18 0 1
101 18 0 1
102 18 0 1
103 17 0 1
104 15 0 1
105 15 0 1
106 15 0 1
107 15 0 1
108 16 0 1
109 16 0 1
110 16 0 1
111 14 0 1
112 17 0 1
113 19 0 1
114 19 0 0
115 19 0 0
116 19 0 0
117 19 0 1
118 18 0 0
119 17 0 0
120 17 0 1
121 18 0 1
122 15 0 1
123 17 0 1
124 17 0 0
125 15 0 1
126 15 0 0
127 16 0 0
128 16 0 1
129 18 0 1
130 16 0 1
131 17 0 1
132 17 0 1
133 17 0 1
134 16 0 1
135 15 0 1
136 16 0 0
137 17 0 0
138 16 0 0
139 14 0 0
140 15 0 1
141 14 0 0
142 15 0 0
143 14 0 1
144 17 0 1
145 16 0 0
146 16 0 1
147 14 0 0
148 16 0 0
149 18 0 1
150 18 0 0
151 18 0 0
152 19 0 1
153 19 0 1
154 17 0 0
155 18 0 0
156 17 0 1
157 17 0 1
158 16 0 0
159 16 0 0
160 15 0 1
161 17 0 1
162 17 0 1
163 16 0 1
164 18 0 1
165 16 0 1
166 17 0 1
167 15 0 1
168 16 0 1
169 16 0 0
170 17 0 0
171 17 0 0
172 17 0 1
173 15 0 0
174 16 0 0
175 16 0 0
176 17 0 1
177 16 0 1
178 16 0 0
179 15 0 0
180 16 0 1
181 15 0 1
182 17 0 0
183 17 0 1
184 17 0 1
185 18 0 1
186 19 0 1
187 20 0 1
188 18 0 1
189 19 0 2
190 17 0 1
191 18 0 0
192 22 0 1
193 19 0 3
194 18 0 2
195 19 0 1
196 19 0 1
197 21 0 1
198 16 0 2
199 18 0 2
200 17 0 0
201 17 0 2
202 18 0 2
203 20 0 1
204 20 0 2
205 20 0 1
206 20 0 2
207 18 0 2
208 21 0 2
209 20 0 2
210 17 0 2
211 18 0 2
212 20 0 2
213 18 0 2
214 19 0 2
215 18 0 1
216 19 0 1
217 19 0 2
218 19 0 3
219 20 0 3
220 21 0 1
221 21 0 2
222 19 0 1
223 19 0 2
224 19 0 2
225 19 0 2
226 20 0 1
227 22 0 2
228 22 0 2
229 22 0 2
230 22 0 3
231 22 0 2
232 21 0 2
233 21 0 3
234 21 0 2
235 21 0 2
236 20 0 2
237 20 0 1
238 20 0 2
239 20 0 1
240 23 0 2
241 21 0 1
242 20 0 2
243 19 0 3
244 16 0 2
245 18 0 2
246 19 0 2
247 21 0 2
248 23 0 1
249 23 0 3
250 23 0 2
251 24 0 2
252 24 0 4
253 24 0 4
254 24 0 4
255 23 0 4
256 23 0 4
257 23 0 4
258 22 0 4
259 22 0 3
260 20 0 4
261 18 0 4
262 21 0 4
263 21 0 4
264 22 0 4
265 21 0 3
266 20 0 2
267 22 0 3
268 25 0 3
269 24 0 3
270 24 0 3
271 24 0 2
272 23 0 4
273 22 0 3
274 20 0 3
275 22 0 3
276 22 0 1
277 20 0 4
278 20 0 4
279 22 0 3
280 23 0 4
281 22 0 4
282 20 0 3
283 18 0 3
284 19 0 4
285 20 0 3
286 22 0 4
287 21 0 2
288 21 0 3
289 23 0 2
290 19 0 4
291 22 0 3
292 21 0 3
293 21 0 3
294 22 0 3
295 20 0 4
296 20 0 3
297 19 0 3
298 19 0 3
299 19 0 3
300 21 0 4
301 22 0 3
302 22 0 3
303 24 0 3
304 23 0 4
305 21 0 4
306 20 0 3
307 24 0 3
308 22 0 3
309 22 0 4
310 22 0 4
311 23 0 3
312 22 0 4
313 22 0 4
314 24 0 4
315 22 0 4
316 23 0 4
317 25 0 4
318 24 0 4
319 27 0 4
320 27 0 4
321 26 0 4
322 24 0 4
323 25 0 4
324 25 0 4
325 26 0 4
326 22 0 4
327 23 0 4
328 28 0 4
329 28 0 3
330 26 0 3
331 26 0 4
332 26 0 4
333 24 0 4
334 25 0 4
335 25 0 4
336 23 0 4
337 21 0 4
338 20 0 3
339 21 0 4
340 26 0 4
341 28 0 4
342 27 0 4
343 27 0 4
344 27 0 4
345 27 0 4
346 23 0 4
347 21 0 4
348 21 0 4
349 21 1 4
350 24 1 4
351 22 1 4
352 23 1 4
353 25 1 3
354 25 1 4
355 25 1 4
356 22 1 4
357 23 0 4
358 26 0 3
359 27 0 4
360 26 0 4
361 30 1 4
362 27 1 4
363 27 0 4
364 30 0 4
365 27 0 4
366 25 1 4
367 26 0 4
368 27 1 4
369 30 1 4
370 30 1 4
371 28 1 4
372 29 1 4
373 29 1 4
374 30 1 4
375 29 1 4
376 29 1 4
377 31 1 4
378 28 1 4
379 28 0 4
380 27 1 4
381 29 1 4
382 28 1 4
383 27 1 4
384 30 1 4
385 29 1 2
386 28 1 2
387 29 0 3
388 27 1 3
389 29 0 3
390 29 0 4
391 28 1 4
392 28 1 4
393 28 0 2
394 28 0 2
395 30 0 3
396 27 0 3
397 26 0 4
398 28 0 4
399 28 0 4
400 28 1 2
