0 0 0 0
1 0 0 0
2 0 0 0
3 0 0 0
4 0 0 0
5 0 0 0
6 0 0 0
7 0 0 0
8 0 0 0
9 0 0 0
10 0 0 0
11 0 0 0
12 0 0 0
13 0 0 0
14 0 0 0
15 0 0 0
16 1 0 0
17 1 0 0
18 1 0 0
19 1 0 0
20 1 0 0
21 1 0 0
22 1 0 0
23 2 0 0
24 3 0 0
25 2 0 0
26 1 0 0
27 2 0 0
28 2 0 0
29 2 0 0
30 3 0 0
31 3 0 0
32 3 0 0
33 4 0 0
34 3 0 0
35 4 0 0
36 3 0 0
37 3 0 0
38 4 0 0
39 5 0 0
40 6 0 0
41 6 0 0
42 5 0 0
43 7 0 0
44 7 0 0
45 9 0 0
46 11 0 0
47 6 0 0
48 9 0 0
49 10 0 0
50 11 0 0
51 8 0 0
52 8 0 0
53 9 0 0
54 10 0 0
55 11 0 0
56 11 0 0
57 13 0 0
58 12 0 0
59 11 0 0
60 12 0 0
61 12 0 0
62 13 0 0
63 14 0 0
64 14 0 0
65 14 0 0
66 12 0 0
67 13 0 0
68 12 0 0
69 13 0 0
70 12 0 0
71 11 0 0
72 13 0 0
73 13 0 0
74 13 0 0
75 13 0 0
76 14 0 0
77 13 0 0
78 15 0 0
79 14 0 0
80 13 0 0
81 15 0 0
82 15 0 0
83 14 0 0
84 16 0 0
85 14 0 0
86 16 0 0
87 16 0 0
88 13 0 0
89 14 0 0
90 15 0 0
91 15 0 0
92 15 0 0
93 16 0 0
94 15 0 0
95 15 0 0
96 16 0 0
97 16 0 0
98 16 0 0
99 16 0 0
100 16 0 0
101 15 0 0
102 14 0 0
103 14 0 0
104 14 0 0
105 14 0 0
106 13 0 0
107 13 0 0
108 13 0 0
109 13 0 0
110 14 0 0
111 14 0 0
112 16 0 0
113 14 0 0
114 16 0 0
115 15 0 0
116 15 0 0
117 15 0 0
118 15 0 0
119 12 0 0
120 13 0 0
121 12 0 0
122 10 0 0
123 9 0 0
124 9 0 0
125 9 0 0
126 11 0 0
127 11 0 0
128 11 0 0
129 12 0 0
130 14 0 0
131 13 0 0
132 14 0 0
133 14 0 0
134 14 0 0
135 15 0 0
136 15 0 0
137 15 0 0
138 14 0 0
139 12 0 0
140 13 0 0
141 12 0 0
142 13 0 0
143 11 0 0
144 11 0 0
145 12 0 0
146 14 0 0
147 15 0 0
148 16 0 0
149 16 0 0
150 16 0 0
151 14 0 0
152 14 0 0
153 14 0 0
154 15 0 0
155 12 0 0
156 16 0 0
157 14 0 0
158 17 0 0
159 17 0 0
160 17 0 0
161 17 0 0
162 12 0 0
163 9 0 0
164 12 0 0
165 16 0 0
166 17 0 0
167 16 0 0
168 14 0 0
169 13 0 0
170 12 0 0
171 13 0 0
172 14 0 0
173 14 0 0
174 14 0 0
175 16 0 0
176 16 0 0
177 15 0 0
178 15 0 0
179 13 0 0
180 15 0 0
181 14 0 0
182 15 0 0
183 14 0 0
184 13 0 0
185 16 0 0
186 14 0 0
187 16 0 0
188 16 0 0
189 15 0 0
190 15 0 0
191 14 0 0
192 15 0 0
193 15 0 0
194 15 0 0
195 16 0 0
196 15 0 0
197 17 0 0
198 16 0 0
199 15 0 0
200 14 0 0
201 14 0 0
202 13 0 0
203 13 0 0
204 11 0 0
205 11 0 0
206 16 0 0
207 16 0 0
208 15 0 1
209 15 0 1
210 16 0 1
211 17 0 1
212 17 0 1
213 17 0 1
214 17 0 1
215 17 0 1
216 16 0 1
217 16 0 1
218 14 0 1
219 16 0 1
220 17 0 1
221 18 0 1
222 19 0 1
223 18 0 1
224 16 0 1
225 16 0 1
226 15 0 1
227 15 0 1
228 11 0 1
229 14 0 1
230 15 0 0
231 16 0 1
232 19 0 1
233 19 0 1
234 16 0 1
235 15 0 1
236 15 0 0
237 14 0 1
238 17 0 0
239 14 0 1
240 13 0 1
241 16 0 1
242 14 0 1
243 15 0 1
244 14 0 1
245 14 0 1
246 14 0 1
247 18 0 1
248 20 0 1
249 20 0 0
250 21 0 1
251 21 0 1
252 16 0 1
253 17 0 1
254 18 0 2
255 18 0 2
256 18 0 1
257 16 0 1
258 19 0 2
259 17 0 2
260 16 0 2
261 15 0 2
262 14 0 2
263 13 0 1
264 13 0 1
265 13 0 1
266 14 0 2
267 12 0 1
268 15 0 1
269 17 0 1
270 17 0 1
271 14 0 1
272 13 0 1
273 14 0 2
274 13 0 2
275 13 0 1
276 14 0 1
277 16 0 1
278 16 0 2
279 14 0 2
280 14 0 1
281 11 0 1
282 12 0 1
283 16 0 2
284 17 0 2
285 17 0 1
286 18 0 1
287 17 0 1
288 16 0 1
289 16 0 1
290 15 0 2
291 15 0 2
292 15 0 2
293 15 0 2
294 16 0 1
295 15 0 2
296 15 0 2
297 12 0 1
298 13 0 1
299 16 0 1
300 17 0 2
301 20 0 2
302 19 0 2
303 20 0 3
304 20 0 3
305 20 0 2
306 19 0 2
307 18 0 3
308 16 0 3
309 15 0 2
310 18 0 2
311 19 0 2
312 19 0 3
313 20 0 2
314 18 0 2
315 19 0 2
316 16 0 2
317 16 0 2
318 16 0 2
319 17 0 2
320 19 0 1
321 20 0 1
322 22 0 1
323 19 0 3
324 20 0 2
325 19 0 1
326 19 0 1
327 18 0 3
328 18 0 2
329 18 0 1
330 14 0 2
331 15 0 2
332 15 0 3
333 18 0 2
334 19 0 1
335 20 0 2
336 18 0 3
337 21 0 1
338 18 0 3
339 17 0 2
340 15 0 1
341 18 0 2
342 16 0 2
343 16 0 2
344 15 0 2
345 18 0 2
346 22 0 3
347 20 0 1
348 19 0 1
349 20 0 1
350 20 0 2
351 19 0 4
352 19 0 3
353 17 0 3
354 17 0 2
355 17 0 3
356 16 0 3
357 14 0 2
358 15 0 3
359 17 0 3
360 18 0 2
361 19 0 3
362 21 0 3
363 21 0 3
364 22 0 3
365 23 0 3
366 24 0 4
367 23 0 3
368 22 0 2
369 21 0 4
370 20 0 3
371 23 0 2
372 22 0 2
373 20 0 3
374 18 0 2
375 17 0 3
376 17 0 4
377 15 0 3
378 16 0 2
379 18 0 2
380 21 0 3
381 20 0 3
382 21 0 3
383 22 0 3
384 19 0 3
385 17 0 2
386 19 0 3
387 18 0 4
388 21 0 3
389 22 0 4
390 23 0 2
391 23 0 5
392 24 0 5
393 23 0 3
394 22 0 3
395 20 0 5
396 21 0 4
397 20 0 3
398 22 0 3
399 21 0 3
400 23 0 4
