0 0 0 0
1 0 0 0
2 0 0 0
3 0 0 0
4 0 0 0
5 0 0 0
6 0 0 0
7 0 0 0
8 0 0 0
9 0 0 0
10 0 0 0
11 2 0 0
12 1 0 0
13 1 0 0
14 1 0 0
15 2 0 0
16 1 0 0
17 3 0 0
18 3 0 0
19 3 0 0
20 3 0 0
21 3 0 0
22 4 0 0
23 4 0 0
24 2 0 0
25 2 0 0
26 3 0 0
27 4 0 0
28 4 0 0
29 4 0 0
30 4 0 0
31 3 0 0
32 3 0 0
33 6 0 0
34 6 0 0
35 7 0 0
36 5 0 0
37 4 0 0
38 6 0 0
39 9 0 0
40 8 0 0
41 11 0 0
42 11 0 0
43 11 0 0
44 12 0 0
45 11 0 0
46 11 0 1
47 13 0 0
48 14 0 1
49 13 0 1
50 14 0 1
51 13 0 0
52 13 0 0
53 15 0 1
54 15 0 1
55 12 0 0
56 12 0 1
57 12 0 1
58 17 0 1
59 14 0 1
60 14 0 1
61 14 0 1
62 16 0 1
63 16 0 1
64 15 0 1
65 15 0 1
66 18 0 1
67 18 0 0
68 19 0 1
69 19 0 0
70 16 0 1
71 16 0 1
72 19 0 1
73 17 0 1
74 15 0 1
75 14 0 0
76 18 0 1
77 17 0 1
78 18 0 1
79 15 0 1
80 17 0 1
81 18 0 1
82 18 0 1
83 21 0 1
84 20 0 1
85 19 0 1
86 21 0 1
87 20 0 1
88 19 0 1
89 20 0 0
90 21 0 0
91 20 0 1
92 19 0 1
93 21 0 1
94 20 0 0
95 21 0 0
96 21 0 0
97 19 0 1
98 20 0 1
99 20 0 1
100 21 0 0
101 19 0 1
102 17 0 1
103 16 0 0
104 16 0 1
105 17 0 1
106 20 0 0
107 17 0 1
108 17 0 1
109 19 0 1
110 20 0 0
111 20 0 1
112 17 0 1
113 16 0 1
114 15 0 0
115 17 0 0
116 18 0 1
117 19 0 1
118 19 0 1
119 18 0 1
120 19 0 1
121 18 0 0
122 17 0 1
123 14 0 1
124 15 0 0
125 14 0 0
126 15 0 0
127 15 0 0
128 16 0 1
129 17 0 1
130 14 0 0
131 14 0 0
132 15 0 1
133 16 0 1
134 16 0 0
135 16 0 0
136 16 0 1
137 17 0 1
138 16 0 0
139 15 0 0
140 17 0 1
141 16 0 1
142 16 0 0
143 14 0 1
144 15 0 2
145 14 0 2
146 17 0 0
147 19 0 0
148 19 0 1
149 19 0 2
150 21 0 1
151 21 0 1
152 19 0 1
153 19 0 1
154 19 0 1
155 17 0 2
156 19 0 2
157 20 0 1
158 18 0 1
159 18 0 1
160 18 0 2
161 17 0 2
162 15 0 2
163 15 0 1
164 14 0 2
165 16 0 1
166 19 0 3
167 21 0 3
168 24 0 2
169 22 0 2
170 23 0 4
171 21 0 5
172 24 0 3
173 25 0 4
174 23 0 3
175 21 0 2
176 20 0 3
177 22 0 2
178 22 0 2
179 22 0 5
180 19 0 5
181 21 0 4
182 20 0 4
183 19 0 6
184 18 0 4
185 21 0 4
186 22 0 3
187 18 0 4
188 22 0 5
189 19 0 5
190 20 0 4
191 22 0 5
192 21 0 6
193 22 0 4
194 22 0 4
195 23 0 3
196 22 0 4
197 20 0 6
198 19 0 6
199 19 0 5
200 20 0 5
201 19 0 3
202 19 0 4
203 19 0 5
204 16 0 5
205 13 0 5
206 17 0 5
207 19 0 5
208 21 0 6
209 21 0 6
210 19 0 5
211 18 0 4
212 19 0 6
213 22 0 6
214 22 0 6
215 21 0 4
216 20 0 5
217 18 0 5
218 18 0 3
219 18 0 4
220 19 0 5
221 23 0 6
222 24 0 5
223 23 0 4
224 22 0 6
225 20 0 7
226 19 0 3
227 18 0 4
228 23 0 5
229 23 0 5
230 20 0 3
231 19 0 6
232 22 0 6
233 22 0 5
234 23 0 6
235 24 0 6
236 26 0 5
237 25 0 6
238 25 0 5
239 25 0 6
240 24 0 5
241 22 0 5
242 21 0 5
243 25 0 4
244 25 0 2
245 24 0 3
246 25 0 5
247 26 0 5
248 26 0 6
249 23 0 6
250 24 0 6
251 21 0 6
252 23 0 6
253 22 0 6
254 21 0 5
255 23 0 5
256 26 0 7
257 25 0 8
258 23 0 6
259 26 0 6
260 26 0 8
261 24 0 7
262 23 0 7
263 26 0 8
264 24 0 7
265 25 0 9
266 24 0 9
267 22 0 7
268 22 0 6
269 23 0 6
270 22 0 8
271 24 0 7
272 25 0 6
273 20 0 7
274 22 0 8
275 21 0 6
276 24 0 8
277 27 0 7
278 26 0 6
279 29 0 6
280 28 0 6
281 28 0 8
282 27 0 8
283 26 0 7
284 27 0 7
285 26 0 7
286 25 0 6
287 23 0 8
288 27 0 9
289 26 0 9
290 27 0 9
291 24 0 9
292 25 0 8
293 25 0 8
294 27 0 8
295 28 0 7
296 27 0 7
297 25 0 9
298 24 0 8
299 22 0 7
300 26 0 8
301 27 0 8
302 26 0 8
303 23 0 7
304 22 0 9
305 21 0 9
306 22 0 8
307 23 0 7
308 23 0 9
309 30 0 9
310 33 0 7
311 29 0 8
312 27 0 8
313 29 0 9
314 28 0 8
315 24 0 8
316 26 0 9
317 29 0 8
318 27 0 7
319 31 0 8
320 30 0 9
321 32 0 9
322 30 0 9
323 30 0 8
324 30 0 9
325 29 0 7
326 30 0 7
327 29 0 8
328 33 0 8
329 34 0 9
330 32 0 8
331 29 0 7
332 27 0 8
333 32 0 8
334 29 0 9
335 29 0 9
336 31 0 9
337 30 0 8
338 30 0 8
339 28 0 9
340 27 0 8
341 25 0 8
342 28 0 7
343 30 0 7
344 28 0 8
345 29 0 8
346 32 0 8
347 32 0 8
348 33 0 9
349 32 0 9
350 30 0 8
351 32 0 6
352 32 0 9
353 31 0 9
354 31 0 8
355 29 0 9
356 30 0 9
357 32 0 9
358 31 0 9
359 33 0 9
360 32 0 8
361 33 0 8
362 30 0 8
363 32 0 8
364 33 0 7
365 32 0 8
366 33 0 8
367 32 0 9
368 32 0 9
369 32 0 9
370 34 0 9
371 33 0 9
372 32 0 8
373 32 0 7
374 33 0 8
375 33 0 10
376 33 0 10
377 32 0 10
378 29 0 10
379 29 0 9
380 31 0 10
381 32 0 9
382 32 0 9
383 30 0 9
384 30 0 8
385 30 0 9
386 33 0 9
387 30 0 8
388 28 0 8
389 30 0 8
390 31 0 8
391 32 0 7
392 32 0 7
393 29 0 7
394 29 0 8
395 31 0 7
396 33 0 6
397 33 0 10
398 32 0 10
399 33 0 8
400 33 0 9
