0 0 0 0
1 0 0 0
2 0 0 0
3 0 0 0
4 0 0 0
5 0 0 0
6 0 0 0
7 0 0 0
8 0 0 0
9 0 0 0
10 0 0 0
11 0 0 0
12 0 0 0
13 0 0 0
14 1 0 0
15 2 0 0
16 2 0 0
17 1 0 0
18 1 0 0
19 1 0 0
20 2 0 0
21 2 0 0
22 2 0 0
23 1 0 0
24 2 0 0
25 4 0 0
26 4 0 0
27 4 0 0
28 5 0 0
29 6 0 0
30 4 0 0
31 5 0 0
32 4 0 0
33 5 0 0
34 5 0 0
35 6 0 0
36 6 0 0
37 7 0 0
38 7 0 0
39 5 0 0
40 6 0 0
41 7 0 0
42 9 0 0
43 10 0 0
44 9 0 0
45 10 0 0
46 10 0 0
47 8 0 0
48 8 0 0
49 9 0 0
50 9 0 0
51 9 0 0
52 11 0 0
53 10 0 0
54 12 0 0
55 10 0 0
56 9 0 0
57 12 0 0
58 12 0 0
59 11 0 0
60 12 0 0
61 14 0 0
62 12 0 0
63 14 0 0
64 15 0 0
65 15 0 0
66 17 0 0
67 17 0 0
68 13 0 0
69 11 0 0
70 15 0 0
71 17 0 0
72 19 0 0
73 14 0 0
74 10 0 0
75 17 0 0
76 20 0 0
77 18 0 0
78 12 0 0
79 13 0 0
80 18 0 0
81 19 0 0
82 16 0 0
83 16 0 0
84 17 0 0
85 17 0 0
86 17 0 0
87 19 0 0
88 17 0 0
89 18 0 0
90 18 0 0
91 16 0 0
92 19 0 0
93 17 0 0
94 19 0 0
95 20 0 0
96 20 0 0
97 19 0 0
98 17 0 0
99 18 0 0
100 20 0 0
101 18 0 0
102 18 0 0
103 17 0 0
104 18 0 0
105 18 0 0
106 16 0 0
107 17 0 0
108 18 0 0
109 17 0 0
110 16 0 0
111 15 0 0
112 14 0 0
113 15 0 0
114 13 0 0
115 14 0 0
116 15 0 0
117 17 0 0
118 15 0 0
119 15 0 0
120 15 0 0
121 14 0 0
122 13 0 0
123 12 0 0
124 12 0 0
125 12 0 0
126 13 0 0
127 12 0 0
128 13 0 0
129 16 0 0
130 15 0 0
131 16 0 0
132 15 0 0
133 14 0 0
134 14 0 0
135 17 0 0
136 17 0 0
137 15 0 0
138 15 0 0
139 15 0 0
140 12 0 0
141 13 0 0
142 14 0 0
143 13 0 0
144 15 0 0
145 14 0 0
146 15 0 0
147 12 0 0
148 13 0 0
149 14 0 0
150 15 0 0
151 15 0 0
152 14 0 0
153 14 0 0
154 13 0 0
155 13 0 0
156 13 0 0
157 13 0 0
158 11 0 0
159 12 0 0
160 12 0 0
161 13 0 0
162 14 0 0
163 15 0 0
164 16 0 0
165 17 0 0
166 15 0 0
167 15 0 0
168 15 0 0
169 15 0 0
170 16 0 0
171 14 0 0
172 12 0 0
173 11 0 0
174 11 0 0
175 13 0 0
176 13 0 0
177 12 0 0
178 12 0 0
179 16 0 0
180 15 0 0
181 14 0 0
182 14 0 0
183 12 0 0
184 15 0 0
185 15 0 0
186 13 0 0
187 11 0 0
188 12 0 0
189 11 0 0
190 11 0 0
191 10 0 0
192 10 0 0
193 12 0 0
194 13 0 0
195 16 0 0
196 15 0 0
197 16 0 0
198 16 0 0
199 15 0 0
200 15 0 0
201 14 0 0
202 12 0 0
203 11 0 0
204 13 0 0
205 14 0 0
206 12 0 0
207 14 0 0
208 14 0 0
209 15 0 0
210 14 0 0
211 15 0 0
212 13 0 0
213 12 0 0
214 13 0 0
215 13 0 0
216 13 0 0
217 11 0 0
218 11 0 0
219 12 0 0
220 15 0 0
221 14 0 0
222 15 0 0
223 16 0 0
224 14 0 0
225 14 0 0
226 14 0 0
227 15 0 0
228 15 0 0
229 12 0 0
230 11 0 0
231 14 0 0
232 16 0 0
233 14 0 0
234 15 0 0
235 14 0 0
236 15 0 0
237 17 0 0
238 17 0 0
239 18 0 0
240 18 0 0
241 16 0 0
242 16 0 0
243 14 0 0
244 14 0 0
245 14 0 0
246 16 0 0
247 16 0 0
248 12 0 0
249 12 0 0
250 14 0 0
251 13 0 0
252 14 0 1
253 17 0 0
254 16 0 0
255 14 0 0
256 16 0 0
257 17 0 0
258 15 0 1
259 16 0 0
260 16 0 0
261 18 0 0
262 17 0 1
263 14 0 0
264 19 0 1
265 20 0 1
266 20 0 0
267 20 0 1
268 18 0 1
269 17 0 0
270 19 0 1
271 19 0 0
272 19 0 1
273 19 0 0
274 19 0 0
275 15 0 0
276 17 0 0
277 17 0 1
278 17 0 0
279 20 0 1
280 19 0 1
281 19 0 1
282 21 0 1
283 21 0 1
284 21 0 1
285 21 0 1
286 18 0 1
287 18 0 1
288 15 0 1
289 14 0 1
290 16 0 1
291 16 0 1
292 18 0 1
293 15 0 1
294 14 0 1
295 15 0 1
296 16 0 1
297 20 0 1
298 20 0 1
299 18 0 1
300 17 0 1
301 16 0 1
302 13 0 1
303 14 0 1
304 16 0 1
305 15 0 1
306 14 0 1
307 14 0 1
308 12 0 1
309 15 0 1
310 16 0 1
311 16 0 1
312 15 0 1
313 15 0 1
314 17 0 1
315 20 0 1
316 20 0 1
317 20 0 1
318 19 0 1
319 17 0 1
320 16 0 1
321 16 0 1
322 14 0 1
323 14 0 1
324 15 0 1
325 16 0 1
326 16 0 1
327 16 0 1
328 16 0 1
329 15 0 1
330 13 0 1
331 16 0 1
332 14 0 1
333 14 0 1
334 14 0 1
335 15 0 1
336 12 0 1
337 16 0 1
338 15 0 1
339 13 0 1
340 11 0 1
341 12 0 1
342 13 0 1
343 13 0 1
344 11 0 1
345 10 0 1
346 12 0 1
347 14 0 1
348 16 0 1
349 16 0 1
350 16 0 1
351 17 0 1
352 16 0 1
353 17 0 1
354 17 0 1
355 17 0 1
356 17 0 1
357 14 0 1
358 15 0 1
359 11 0 1
360 12 0 1
361 14 0 1
362 13 0 1
363 11 0 1
364 11 0 1
365 11 0 1
366 11 0 1
367 12 0 1
368 12 0 1
369 13 0 1
370 13 0 1
371 14 0 1
372 15 0 1
373 13 0 1
374 13 0 1
375 14 0 1
376 13 0 1
377 13 0 1
378 12 0 1
379 13 0 1
380 13 0 1
381 13 0 1
382 13 0 1
383 14 0 1
384 14 0 1
385 14 0 1
386 15 0 1
387 16 0 1
388 16 0 1
389 17 0 1
390 17 0 1
391 18 0 1
392 17 0 1
393 15 0 1
394 16 0 1
395 15 0 1
396 15 0 1
397 17 0 1
398 15 0 1
399 12 0 1
400 14 0 1
