0 0 0 0
1 0 0 0
2 0 0 0
3 0 0 0
4 0 0 0
5 0 0 0
6 0 0 0
7 0 0 0
8 0 0 0
9 0 0 0
10 0 0 0
11 0 0 0
12 0 0 0
13 0 0 0
14 0 0 0
15 0 0 0
16 3 0 0
17 3 0 1
18 0 0 1
19 1 0 0
20 2 0 0
21 3 0 0
22 5 0 1
23 3 0 1
24 4 0 1
25 1 0 1
26 5 0 1
27 8 0 1
28 5 0 2
29 5 0 1
30 3 0 1
31 4 0 0
32 6 0 2
33 8 0 2
34 9 0 2
35 8 0 1
36 9 0 2
37 8 0 2
38 8 0 0
39 10 0 0
40 9 0 2
41 10 0 2
42 11 0 2
43 12 0 2
44 13 0 2
45 14 0 2
46 14 0 1
47 14 0 1
48 14 0 2
49 15 0 2
50 16 0 1
51 15 0 2
52 15 0 1
53 15 0 0
54 14 0 2
55 17 0 0
56 13 0 1
57 13 0 2
58 16 0 1
59 16 0 0
60 15 0 2
61 15 0 2
62 14 0 2
63 19 0 1
64 17 0 1
65 20 0 2
66 17 0 2
67 16 0 2
68 17 0 1
69 17 0 0
70 16 0 2
71 19 0 2
72 16 0 2
73 19 0 1
74 19 0 1
75 19 0 1
76 17 0 1
77 18 0 2
78 17 0 2
79 18 0 1
80 17 0 1
81 20 0 2
82 14 0 2
83 15 0 2
84 16 0 2
85 17 0 2
86 19 0 2
87 20 0 2
88 19 0 2
89 18 0 2
90 17 0 2
91 17 0 1
92 17 0 2
93 21 0 2
94 21 0 1
95 20 0 2
96 19 0 2
97 19 0 2
98 17 0 2
99 19 0 2
100 18 0 2
101 19 0 2
102 17 0 2
103 19 0 2
104 19 0 2
105 19 0 1
106 18 0 1
107 17 0 1
108 17 0 2
109 16 0 2
110 16 0 2
111 15 0 2
112 16 0 2
113 16 0 1
114 16 0 1
115 17 0 2
116 16 0 2
117 18 0 1
118 19 0 1
119 19 0 2
120 19 0 2
121 17 0 1
122 18 0 2
123 20 0 2
124 18 0 2
125 19 0 1
126 21 0 1
127 21 0 2
128 19 0 2
129 18 0 2
130 16 0 2
131 16 0 2
132 15 0 2
133 18 0 2
134 19 0 2
135 19 0 0
136 18 0 2
137 17 0 2
138 19 0 1
139 20 0 0
140 20 0 2
141 19 0 2
142 20 0 2
143 19 0 1
144 21 0 1
145 20 0 2
146 16 0 2
147 20 0 2
148 17 0 1
149 18 0 2
150 17 0 1
151 16 0 0
152 18 0 2
153 17 0 2
154 17 0 2
155 20 0 2
156 17 0 2
157 17 0 2
158 18 0 2
159 15 0 2
160 18 0 2
161 18 0 2
162 16 0 1
163 17 0 1
164 18 0 1
165 15 0 1
166 15 0 2
167 17 0 1
168 19 0 1
169 19 0 2
170 22 0 2
171 23 0 2
172 21 0 2
173 23 0 2
174 21 0 2
175 19 0 2
176 20 0 2
177 19 0 2
178 17 0 2
179 15 0 2
180 14 0 2
181 18 0 2
182 17 0 2
183 18 0 2
184 18 0 3
185 20 0 2
186 19 0 2
187 20 0 2
188 18 0 3
189 18 0 2
190 17 0 2
191 18 0 2
192 18 0 2
193 20 0 2
194 21 0 3
195 21 0 2
196 21 0 2
197 21 0 3
198 21 0 3
199 21 0 3
200 22 0 3
201 20 0 3
202 21 0 3
203 20 0 3
204 19 0 2
205 17 0 2
206 17 0 1
207 16 0 3
208 15 0 3
209 15 0 2
210 16 0 3
211 16 0 3
212 16 0 1
213 17 0 1
214 17 0 2
215 17 0 3
216 15 0 2
217 18 0 1
218 21 0 2
219 18 0 3
220 17 0 3
221 17 0 1
222 17 0 1
223 18 0 1
224 19 0 2
225 19 0 2
226 19 0 3
227 20 0 4
228 21 0 2
229 25 0 2
230 26 0 3
231 24 0 4
232 22 0 2
233 20 0 2
234 19 0 3
235 19 0 3
236 21 0 2
237 20 0 2
238 20 0 4
239 20 0 4
240 19 0 3
241 21 0 3
242 21 0 4
243 23 0 4
244 23 0 3
245 22 0 3
246 21 0 3
247 22 0 4
248 19 0 3
249 19 0 3
250 21 0 3
251 21 0 3
252 22 0 4
253 21 0 3
254 21 0 3
255 20 0 3
256 21 0 3
257 21 0 4
258 21 0 3
259 19 0 3
260 20 0 4
261 20 0 3
262 21 0 3
263 18 0 3
264 15 0 3
265 17 0 4
266 17 0 4
267 18 0 3
268 18 0 3
269 19 0 3
270 18 0 3
271 20 0 3
272 20 0 4
273 19 0 4
274 19 0 3
275 20 0 3
276 19 0 3
277 21 0 3
278 24 0 3
279 24 0 3
280 22 0 5
281 23 0 4
282 23 0 3
283 23 0 4
284 25 0 4
285 23 0 4
286 23 0 4
287 21 0 4
288 23 0 3
289 22 0 3
290 24 0 4
291 21 0 3
292 20 0 2
293 21 0 5
294 18 0 5
295 21 0 3
296 20 0 2
297 18 0 2
298 20 0 4
299 19 0 4
300 20 0 5
301 19 0 4
302 21 0 4
303 22 0 4
304 22 0 4
305 21 0 3
306 18 0 3
307 21 0 2
308 17 0 3
309 17 0 3
310 18 0 3
311 20 0 4
312 19 0 3
313 18 0 2
314 19 0 3
315 21 0 4
316 22 0 5
317 25 0 5
318 26 0 4
319 23 0 3
320 23 0 3
321 23 0 3
322 20 0 2
323 22 0 4
324 21 0 4
325 24 0 3
326 25 0 3
327 24 0 4
328 25 0 4
329 25 0 4
330 24 0 4
331 26 0 4
332 25 0 4
333 24 0 4
334 25 0 4
335 27 0 4
336 25 0 5
337 25 0 4
338 26 0 4
339 26 0 4
340 25 0 5
341 26 0 5
342 26 0 4
343 26 0 4
344 25 0 4
345 26 0 4
346 24 0 3
347 27 0 4
348 28 0 4
349 26 0 3
350 26 0 4
351 21 0 4
352 23 0 4
353 23 0 4
354 25 0 3
355 26 0 4
356 26 0 3
357 26 0 3
358 26 0 3
359 27 0 3
360 27 0 3
361 25 0 4
362 26 0 3
363 26 0 4
364 26 0 4
365 26 0 5
366 25 0 4
367 24 0 4
368 26 0 4
369 28 0 3
370 29 0 4
371 29 0 5
372 26 0 5
373 23 0 4
374 24 0 4
375 24 0 4
376 26 0 5
377 26 0 5
378 28 0 3
379 25 0 5
380 23 0 5
381 23 0 4
382 23 0 4
383 23 0 3
384 23 0 5
385 24 0 5
386 24 0 4
387 26 0 5
388 25 0 4
389 26 0 4
390 26 0 4
391 26 0 4
392 26 0 5
393 25 0 5
394 26 0 5
395 28 0 4
396 27 0 4
397 27 0 5
398 26 0 4
399 24 0 4
400 26 0 5
