0 0 0 0
1 0 0 0
2 0 0 0
3 0 0 0
4 0 0 0
5 0 0 0
6 0 0 0
7 0 0 0
8 0 0 0
9 0 0 0
10 0 0 0
11 0 0 0
12 0 0 0
13 0 0 0
14 0 0 0
15 0 0 0
16 0 0 0
17 1 0 0
18 1 0 0
19 0 0 0
20 0 0 0
21 0 0 0
22 1 0 0
23 1 0 0
24 1 0 0
25 1 0 0
26 2 0 0
27 3 0 0
28 2 0 0
29 3 0 0
30 3 0 0
31 3 0 0
32 3 0 0
33 3 0 0
34 3 0 0
35 4 0 0
36 4 0 0
37 5 0 0
38 3 0 0
39 3 0 0
40 4 0 0
41 3 0 0
42 4 0 0
43 6 0 0
44 6 0 0
45 5 0 0
46 6 0 0
47 7 0 0
48 7 0 0
49 7 0 0
50 6 0 0
51 7 0 0
52 7 0 0
53 7 0 0
54 9 0 0
55 7 0 0
56 8 0 0
57 7 0 0
58 8 0 0
59 11 0 0
60 9 0 0
61 9 0 0
62 9 0 0
63 11 0 0
64 9 0 0
65 10 0 0
66 9 0 0
67 10 0 0
68 13 0 0
69 13 0 0
70 12 0 0
71 12 0 0
72 12 0 0
73 14 0 0
74 13 0 0
75 15 0 0
76 13 0 0
77 10 0 0
78 11 0 0
79 14 0 0
80 14 0 0
81 13 0 0
82 13 0 0
83 13 0 0
84 15 0 0
85 12 0 0
86 14 0 0
87 16 0 0
88 16 0 0
89 14 0 0
90 17 0 0
91 17 0 0
92 14 0 0
93 16 0 0
94 15 0 0
95 18 0 0
96 17 0 0
97 18 0 0
98 17 0 0
99 18 0 0
100 12 0 0
101 15 0 0
102 14 0 0
103 13 0 0
104 14 0 0
105 14 0 0
106 15 0 0
107 17 0 0
108 16 0 0
109 14 0 0
110 14 0 0
111 13 0 0
112 14 0 0
113 14 0 0
114 15 0 0
115 15 0 0
116 14 0 0
117 14 0 0
118 15 0 0
119 14 0 0
120 15 0 0
121 14 0 0
122 12 0 0
123 13 0 0
124 14 0 0
125 14 0 0
126 13 0 0
127 15 0 0
128 14 0 0
129 13 0 0
130 13 0 0
131 14 0 0
132 18 0 0
133 16 0 0
134 16 0 0
135 15 0 0
136 14 0 0
137 15 0 0
138 15 0 0
139 13 0 0
140 14 0 0
141 16 0 0
142 16 0 0
143 13 0 0
144 13 0 0
145 11 0 0
146 13 0 0
147 11 0 0
148 13 0 0
149 13 0 0
150 13 0 0
151 13 0 0
152 13 0 0
153 12 0 0
154 13 0 0
155 15 0 0
156 14 0 0
157 17 0 0
158 16 0 0
159 16 0 0
160 12 0 0
161 13 0 0
162 10 0 0
163 10 0 0
164 11 0 0
165 11 0 0
166 12 0 0
167 12 0 0
168 11 0 0
169 10 0 0
170 10 0 0
171 10 0 0
172 9 0 0
173 10 0 0
174 11 0 0
175 12 0 0
176 11 0 0
177 12 0 0
178 10 0 0
179 10 0 0
180 14 0 0
181 13 0 0
182 12 0 0
183 12 0 0
184 12 0 0
185 15 0 0
186 14 0 0
187 12 0 0
188 11 0 0
189 14 0 0
190 12 0 0
191 15 0 0
192 15 0 0
193 16 0 0
194 14 0 0
195 16 0 0
196 15 0 0
197 16 0 0
198 14 0 0
199 14 0 0
200 13 0 0
201 13 0 0
202 11 0 0
203 12 0 0
204 11 0 0
205 15 0 0
206 16 0 0
207 16 0 0
208 17 0 0
209 14 0 0
210 12 0 0
211 12 0 0
212 11 0 0
213 11 0 0
214 12 0 0
215 13 0 0
216 12 0 0
217 13 0 0
218 16 0 0
219 17 0 0
220 16 0 0
221 14 0 0
222 13 0 0
223 15 0 0
224 14 0 0
225 14 0 0
226 13 0 0
227 13 0 0
228 13 0 0
229 11 0 0
230 13 0 0
231 12 0 0
232 13 0 0
233 12 0 0
234 12 0 0
235 14 0 0
236 15 0 0
237 13 0 0
238 14 0 0
239 14 0 0
240 15 0 0
241 20 0 0
242 17 0 0
243 17 0 0
244 15 0 0
245 15 0 0
246 15 0 0
247 16 0 0
248 16 0 0
249 13 0 0
250 14 0 0
251 15 0 0
252 15 0 0
253 15 0 0
254 14 0 0
255 14 0 0
256 14 0 0
257 13 0 0
258 15 0 0
259 18 0 0
260 18 0 0
261 20 0 0
262 17 0 0
263 15 0 0
264 16 0 0
265 17 0 0
266 16 0 0
267 16 0 0
268 17 0 1
269 18 0 0
270 18 0 0
271 15 0 0
272 19 0 0
273 19 0 0
274 16 0 1
275 18 0 1
276 14 0 0
277 13 0 0
278 11 0 0
279 13 0 0
280 16 0 0
281 17 0 0
282 19 0 0
283 17 0 1
284 14 0 0
285 15 0 0
286 12 0 0
287 15 0 0
288 17 0 1
289 17 0 1
290 18 0 0
291 15 0 0
292 17 0 0
293 16 0 0
294 17 0 0
295 16 0 1
296 19 0 0
297 21 0 0
298 18 0 0
299 17 0 0
300 17 0 0
301 16 0 1
302 16 0 0
303 17 0 0
304 15 0 0
305 16 0 0
306 16 0 0
307 18 0 0
308 18 0 0
309 16 0 0
310 14 0 0
311 10 0 0
312 11 0 0
313 10 0 0
314 11 0 0
315 13 0 0
316 17 0 0
317 17 0 1
318 16 0 0
319 14 0 0
320 14 0 0
321 13 0 1
322 13 0 0
323 14 0 0
324 14 0 0
325 18 0 0
326 17 0 0
327 17 0 0
328 14 0 0
329 17 0 0
330 14 0 0
331 13 0 0
332 11 0 1
333 12 0 0
334 12 0 0
335 14 0 0
336 13 0 0
337 14 0 0
338 15 0 0
339 16 0 0
340 15 0 1
341 16 0 0
342 16 0 0
343 16 0 0
344 14 0 0
345 15 0 1
346 17 0 0
347 16 0 0
348 18 0 0
349 16 0 0
350 16 0 0
351 15 0 0
352 15 0 1
353 14 0 0
354 15 0 0
355 15 0 0
356 15 0 0
357 15 0 0
358 15 0 1
359 15 0 0
360 15 0 0
361 14 0 0
362 15 0 0
363 14 0 0
364 15 1 0
365 17 0 1
366 19 0 0
367 19 0 0
368 19 1 1
369 17 0 1
370 14 1 0
371 13 0 0
372 15 1 0
373 15 2 0
374 15 1 0
375 17 1 1
376 13 1 1
377 16 2 0
378 14 1 0
379 14 1 0
380 16 2 0
381 16 2 1
382 17 2 1
383 18 2 0
384 22 2 0
385 18 2 0
386 20 2 0
387 15 1 0
388 16 2 1
389 12 2 0
390 11 2 0
391 11 2 0
392 12 2 0
393 15 2 0
394 12 2 0
395 14 2 0
396 15 2 0
397 18 2 1
398 18 2 1
399 20 2 1
400 17 2 1
