0 0 0 0
1 0 0 0
2 0 0 0
3 0 0 0
4 0 0 0
5 0 0 0
6 0 0 0
7 0 0 0
8 1 0 0
9 1 0 0
10 1 0 0
11 1 0 0
12 1 0 0
13 0 0 0
14 0 0 0
15 2 0 0
16 2 0 0
17 2 0 0
18 2 0 0
19 1 0 0
20 2 0 0
21 2 0 0
22 3 0 0
23 2 0 0
24 3 0 0
25 5 0 0
26 7 0 0
27 5 0 0
28 4 0 0
29 4 0 0
30 5 0 0
31 8 0 0
32 6 0 1
33 8 0 1
34 7 0 0
35 8 0 0
36 6 0 0
37 7 0 0
38 8 0 0
39 7 0 0
40 8 0 1
41 8 0 0
42 10 0 1
43 12 0 0
44 14 0 0
45 12 0 0
46 13 0 0
47 12 0 1
48 11 0 0
49 12 0 0
50 12 0 0
51 12 0 1
52 12 0 0
53 13 0 1
54 14 0 1
55 14 0 0
56 14 0 0
57 14 0 0
58 14 0 0
59 14 0 0
60 14 0 1
61 17 0 1
62 17 0 0
63 17 0 0
64 16 0 2
65 16 0 1
66 15 0 0
67 16 0 2
68 17 0 1
69 17 0 1
70 15 0 0
71 15 0 1
72 18 0 1
73 18 0 1
74 15 0 1
75 16 0 0
76 15 0 1
77 18 0 1
78 18 0 1
79 16 0 0
80 15 0 1
81 17 0 1
82 18 0 1
83 19 0 1
84 18 0 1
85 20 0 1
86 19 0 1
87 18 0 0
88 18 0 2
89 18 0 2
90 18 0 1
91 20 0 2
92 19 0 2
93 20 0 0
94 19 0 1
95 19 0 1
96 19 0 2
97 21 0 2
98 21 0 2
99 19 0 2
100 19 0 1
101 18 0 2
102 18 0 2
103 15 0 1
104 14 0 1
105 14 0 1
106 14 0 2
107 15 0 2
108 14 0 2
109 15 0 2
110 17 0 2
111 18 0 2
112 18 0 2
113 18 0 2
114 16 0 2
115 16 0 1
116 18 0 1
117 19 0 2
118 19 0 2
119 21 0 1
120 19 0 1
121 16 0 2
122 13 0 1
123 12 0 2
124 17 0 1
125 17 0 2
126 18 0 2
127 17 0 2
128 15 0 0
129 15 0 1
130 18 0 1
131 18 0 2
132 17 0 0
133 18 0 1
134 18 0 1
135 17 0 0
136 18 0 1
137 20 0 1
138 22 0 2
139 20 0 1
140 16 0 1
141 18 0 1
142 20 0 1
143 20 0 1
144 19 0 0
145 21 0 0
146 18 0 1
147 15 0 0
148 16 0 1
149 15 0 2
150 16 0 2
151 16 0 2
152 15 0 2
153 13 0 2
154 16 0 2
155 14 0 0
156 15 0 1
157 16 0 1
158 16 0 1
159 18 0 1
160 19 0 0
161 17 0 1
162 15 1 1
163 16 0 0
164 15 1 0
165 14 1 0
166 14 0 1
167 13 0 1
168 13 0 1
169 15 0 1
170 15 0 2
171 15 0 2
172 16 0 2
173 16 0 2
174 17 0 2
175 14 0 2
176 15 0 1
177 14 0 2
178 14 0 2
179 16 0 2
180 16 0 2
181 16 0 2
182 16 0 2
183 15 0 2
184 14 0 2
185 17 1 1
186 17 0 2
187 15 0 2
188 16 1 1
189 16 1 2
190 19 0 1
191 18 1 1
192 19 0 2
193 18 1 0
194 19 0 2
195 20 1 1
196 20 0 2
197 18 0 2
198 18 0 2
199 20 1 1
200 19 1 1
201 20 0 1
202 19 1 0
203 19 1 2
204 20 1 1
205 18 1 2
206 17 1 1
207 18 1 2
208 17 1 2
209 18 1 2
210 18 1 1
211 17 1 1
212 15 1 1
213 20 1 2
214 17 1 2
215 19 1 1
216 21 1 2
217 22 1 1
218 24 0 1
219 22 1 2
220 17 0 1
221 18 1 1
222 15 0 2
223 14 0 2
224 16 0 2
225 14 0 1
226 14 0 2
227 13 1 1
228 14 1 1
229 14 1 1
230 13 1 2
231 15 1 1
232 19 1 2
233 19 1 1
234 18 1 2
235 22 1 1
236 21 1 2
237 21 1 1
238 19 1 2
239 21 1 1
240 19 1 1
241 20 1 2
242 20 1 1
243 18 1 2
244 17 1 2
245 15 1 1
246 21 1 2
247 25 0 1
248 23 1 1
249 23 0 2
250 24 1 1
251 24 1 2
252 24 1 3
253 25 1 1
254 25 1 2
255 23 1 2
256 24 1 2
257 23 1 3
258 19 1 3
259 21 1 1
260 22 1 1
261 20 1 2
262 25 1 1
263 27 1 2
264 24 1 3
265 24 1 3
266 25 1 2
267 27 1 3
268 31 1 3
269 29 1 3
270 28 1 3
271 30 1 3
272 31 1 3
273 30 1 3
274 31 1 3
275 26 1 2
276 27 1 3
277 26 1 3
278 24 1 3
279 28 0 3
280 29 0 3
281 28 1 3
282 28 1 3
283 26 1 3
284 28 1 3
285 29 1 3
286 30 1 2
287 29 1 3
288 26 1 3
289 25 1 3
290 25 1 2
291 25 1 2
292 25 1 3
293 25 1 3
294 25 1 1
295 27 1 2
296 29 1 3
297 27 1 1
298 29 1 3
299 29 1 3
300 28 1 2
301 29 0 3
302 29 1 2
303 30 0 3
304 26 1 2
305 26 0 2
306 28 0 3
307 24 1 2
308 22 0 2
309 22 1 3
310 24 1 2
311 25 0 3
312 24 0 3
313 25 0 3
314 27 1 3
315 28 0 2
316 29 0 3
317 29 1 3
318 28 0 4
319 25 1 3
320 24 0 2
321 23 1 3
322 24 0 3
323 26 1 3
324 28 0 3
325 27 0 3
326 29 1 4
327 30 0 3
328 28 0 3
329 28 0 4
330 30 0 3
331 30 1 2
332 30 0 3
333 29 0 2
334 25 1 4
335 28 0 4
336 32 0 3
337 33 0 3
338 32 0 3
339 32 0 3
340 34 0 4
341 34 0 4
342 33 0 4
343 28 0 4
344 27 0 3
345 27 0 4
346 26 0 3
347 25 0 4
348 23 0 3
349 26 0 4
350 27 0 4
351 28 0 4
352 31 0 4
353 29 0 3
354 27 0 3
355 29 0 4
356 27 0 3
357 27 0 4
358 27 0 4
359 27 1 4
360 26 0 4
361 28 1 3
362 28 0 4
363 28 0 3
364 27 1 4
365 25 0 4
366 26 0 3
367 26 0 4
368 27 0 4
369 27 0 4
370 27 0 3
371 28 0 4
372 25 0 2
373 28 1 3
374 28 1 4
375 30 1 4
376 29 0 1
377 28 0 4
378 26 0 3
379 26 0 3
380 27 1 3
381 25 1 3
382 24 0 4
383 24 1 3
384 24 0 3
385 25 1 3
386 24 0 4
387 25 1 3
388 25 1 2
389 26 0 3
390 24 1 3
391 26 0 4
392 26 1 4
393 25 0 3
394 27 0 3
395 29 1 2
396 25 0 3
397 26 0 2
398 26 0 4
399 23 0 3
400 25 1 3
