0 0 0 0
1 0 0 0
2 0 0 0
3 0 0 0
4 0 0 0
5 0 0 0
6 0 0 0
7 0 0 0
8 0 0 0
9 0 0 0
10 0 0 0
11 0 0 0
12 0 0 0
13 1 0 0
14 2 0 0
15 2 0 1
16 2 0 0
17 3 0 0
18 3 0 0
19 2 0 0
20 2 0 1
21 3 0 1
22 3 0 2
23 6 0 2
24 5 0 2
25 4 0 1
26 5 0 1
27 6 0 2
28 8 0 1
29 7 0 1
30 5 0 1
31 7 0 2
32 10 0 2
33 11 0 2
34 8 0 1
35 7 0 2
36 8 0 2
37 9 0 2
38 8 0 2
39 9 0 2
40 9 0 2
41 12 0 2
42 14 0 1
43 13 0 2
44 10 0 2
45 9 0 2
46 11 0 2
47 13 0 1
48 10 0 0
49 10 0 1
50 12 0 2
51 11 0 2
52 11 0 1
53 12 0 1
54 13 0 2
55 13 0 1
56 14 0 2
57 11 0 2
58 11 0 1
59 13 0 1
60 12 0 2
61 13 0 2
62 14 0 1
63 15 0 1
64 14 0 1
65 15 0 2
66 15 0 2
67 13 0 2
68 13 0 1
69 15 0 1
70 16 0 1
71 15 0 1
72 14 0 1
73 14 0 1
74 16 0 2
75 17 0 2
76 17 0 2
77 17 0 2
78 16 0 2
79 17 0 2
80 14 0 2
81 16 0 2
82 18 0 2
83 18 0 2
84 18 0 2
85 16 0 2
86 16 0 2
87 15 0 2
88 18 0 2
89 18 0 2
90 20 0 2
91 19 0 2
92 18 0 2
93 21 0 2
94 20 0 2
95 19 0 2
96 18 0 2
97 21 0 2
98 21 0 2
99 20 0 2
100 21 0 2
101 19 0 2
102 17 0 2
103 17 0 2
104 17 0 2
105 14 0 2
106 15 0 2
107 13 0 2
108 17 0 2
109 18 0 2
110 18 0 2
111 19 0 2
112 19 0 2
113 20 0 2
114 21 0 2
115 21 0 1
116 19 0 2
117 19 0 2
118 19 0 2
119 19 0 2
120 19 0 2
121 18 0 1
122 16 0 2
123 16 0 2
124 17 0 2
125 16 0 1
126 17 0 2
127 17 0 2
128 21 0 1
129 18 0 1
130 17 0 2
131 18 0 2
132 17 0 1
133 16 0 2
134 16 0 1
135 15 0 1
136 17 0 2
137 17 0 1
138 18 0 1
139 20 0 2
140 21 0 2
141 21 0 1
142 20 0 2
143 21 0 2
144 19 0 2
145 17 0 1
146 19 0 2
147 16 0 2
148 16 0 2
149 17 0 2
150 15 0 2
151 15 0 2
152 17 0 2
153 18 0 2
154 19 0 3
155 19 0 3
156 19 0 3
157 19 0 3
158 19 0 2
159 18 0 3
160 19 0 3
161 22 0 2
162 22 0 3
163 22 0 2
164 22 0 2
165 21 0 3
166 20 0 2
167 21 0 2
168 20 0 3
169 21 0 3
170 22 0 3
171 20 0 3
172 21 0 3
173 19 0 3
174 17 0 3
175 19 0 3
176 20 0 3
177 22 0 3
178 22 0 2
179 19 0 3
180 19 0 3
181 21 0 2
182 22 0 2
183 24 0 2
184 23 0 3
185 22 0 2
186 20 0 2
187 18 0 3
188 20 0 2
189 22 0 3
190 23 1 4
191 25 1 4
192 24 1 3
193 23 1 3
194 22 1 4
195 21 2 3
196 20 2 2
197 20 1 2
198 20 1 3
199 18 1 4
200 19 1 3
201 20 2 3
202 20 2 3
203 22 2 4
204 21 2 4
205 21 2 3
206 20 2 3
207 23 1 4
208 25 2 4
209 25 2 2
210 22 1 3
211 22 2 3
212 22 2 4
213 19 1 4
214 18 2 2
215 18 2 2
216 21 1 5
217 20 2 4
218 20 2 3
219 22 1 5
220 22 1 4
221 25 2 4
222 25 1 4
223 24 2 3
224 23 1 5
225 22 1 5
226 22 1 4
227 22 2 3
228 23 2 3
229 24 2 5
230 23 2 4
231 24 2 4
232 24 2 3
233 24 2 5
234 25 1 5
235 24 1 4
236 24 2 5
237 26 2 4
238 25 1 4
239 24 1 5
240 24 1 3
241 24 2 4
242 22 2 5
243 24 2 5
244 26 2 4
245 25 2 5
246 22 2 5
247 25 2 6
248 24 2 7
249 24 2 6
250 25 2 7
251 25 2 6
252 26 2 5
253 27 2 7
254 28 2 5
255 28 2 6
256 26 2 5
257 27 2 6
258 26 2 5
259 29 2 4
260 28 2 5
261 28 2 6
262 27 2 5
263 26 2 6
264 25 2 5
265 28 2 4
266 28 2 4
267 27 2 6
268 27 2 5
269 25 2 5
270 27 2 5
271 29 2 4
272 25 2 5
273 26 2 6
274 30 2 4
275 31 2 6
276 27 2 6
277 28 2 5
278 30 2 7
279 29 2 6
280 28 2 5
281 29 2 6
282 27 2 7
283 26 2 6
284 30 2 6
285 31 2 6
286 32 1 8
287 29 2 6
288 32 2 6
289 33 2 5
290 31 2 7
291 32 2 6
292 32 2 7
293 32 2 6
294 32 2 4
295 29 2 6
296 27 2 7
297 28 2 6
298 29 2 6
299 30 2 8
300 29 2 9
301 34 2 9
302 37 2 7
303 36 2 7
304 33 2 5
305 34 2 9
306 34 2 9
307 33 2 10
308 35 2 8
309 36 2 7
310 33 2 8
311 37 3 8
312 35 2 8
313 36 2 10
314 35 2 6
315 34 2 7
316 34 1 10
317 35 2 9
318 36 2 9
319 38 1 8
320 36 2 6
321 36 2 8
322 36 2 5
323 36 2 8
324 35 3 6
325 35 1 6
326 37 1 5
327 38 2 7
328 36 1 9
329 36 2 7
330 34 1 6
331 35 2 9
332 37 1 9
333 39 1 8
334 39 3 7
335 39 2 9
336 39 2 9
337 37 3 9
338 36 2 8
339 36 3 8
340 36 1 7
341 33 3 7
342 34 2 7
343 33 3 9
344 36 2 8
345 36 2 9
346 36 3 7
347 37 2 8
348 36 3 9
349 37 2 8
350 36 3 8
351 36 2 5
352 35 2 6
353 34 3 7
354 34 2 9
355 34 2 7
356 35 3 10
357 33 1 7
358 35 1 7
359 40 1 12
360 35 2 7
361 34 3 11
362 35 2 12
363 39 4 10
364 38 3 11
365 37 3 10
366 35 2 8
367 37 2 11
368 35 4 9
369 38 4 10
370 37 4 12
371 39 2 10
372 40 4 8
373 40 4 9
374 35 2 9
375 33 3 8
376 34 2 9
377 32 3 9
378 34 3 6
379 35 2 9
380 36 4 8
381 34 4 11
382 33 4 12
383 34 4 12
384 38 4 8
385 40 4 8
386 39 2 10
387 37 4 8
388 40 4 7
389 41 2 10
390 41 4 7
391 38 4 10
392 40 3 8
393 44 4 9
394 39 4 10
395 38 4 12
396 34 2 10
397 38 4 4
398 41 4 11
399 37 2 7
400 40 2 8
