0 0 0 0
1 0 0 0
2 0 0 0
3 0 0 0
4 0 0 0
5 0 0 0
6 0 0 0
7 0 0 0
8 0 0 0
9 0 0 0
10 0 0 0
11 0 0 0
12 0 0 0
13 0 0 0
14 0 0 0
15 0 0 0
16 1 0 0
17 2 0 0
18 1 0 0
19 1 0 0
20 0 0 0
21 0 0 0
22 3 0 0
23 4 0 0
24 2 0 0
25 5 0 0
26 4 0 0
27 4 0 0
28 5 0 0
29 4 0 0
30 6 0 0
31 8 0 0
32 9 0 0
33 9 0 0
34 8 0 0
35 8 0 0
36 5 0 0
37 7 0 0
38 8 0 0
39 9 0 0
40 8 0 0
41 11 0 0
42 11 0 0
43 11 0 0
44 11 0 0
45 12 0 0
46 12 0 0
47 12 0 0
48 11 0 0
49 12 0 0
50 12 0 0
51 11 0 0
52 12 0 0
53 12 0 0
54 13 0 0
55 11 0 0
56 10 0 0
57 12 0 0
58 14 0 0
59 15 0 0
60 14 0 0
61 15 0 0
62 14 0 0
63 15 0 0
64 15 0 0
65 15 0 0
66 13 0 0
67 16 0 0
68 16 0 0
69 16 0 0
70 16 0 0
71 17 0 0
72 15 0 0
73 16 0 0
74 18 0 0
75 18 0 0
76 17 0 0
77 16 0 0
78 18 0 0
79 16 0 0
80 17 0 0
81 19 0 0
82 19 0 0
83 19 0 0
84 18 0 0
85 19 0 0
86 18 0 0
87 18 0 0
88 20 0 0
89 18 0 0
90 19 0 0
91 19 0 0
92 20 0 0
93 17 0 0
94 20 0 0
95 20 0 0
96 21 0 0
97 20 0 0
98 18 0 0
99 19 0 0
100 18 0 0
101 18 0 0
102 16 0 0
103 18 0 0
104 17 0 0
105 18 0 0
106 18 0 0
107 19 0 0
108 20 0 0
109 19 0 0
110 18 0 0
111 17 0 0
112 19 0 0
113 20 0 0
114 18 0 0
115 19 0 0
116 18 0 0
117 18 0 0
118 18 0 0
119 16 0 0
120 19 0 0
121 20 0 0
122 20 0 0
123 17 0 0
124 17 0 0
125 16 0 0
126 17 0 0
127 17 0 0
128 17 0 0
129 17 0 0
130 19 0 0
131 16 0 0
132 16 0 0
133 16 0 0
134 18 0 0
135 19 0 0
136 18 0 0
137 17 0 0
138 18 0 0
139 18 0 0
140 18 0 0
141 19 0 0
142 18 0 0
143 16 0 0
144 15 0 0
145 13 0 0
146 15 0 0
147 16 0 0
148 15 0 0
149 16 0 0
150 15 0 0
151 14 0 0
152 15 0 0
153 16 0 0
154 15 0 0
155 14 0 0
156 16 0 0
157 14 0 0
158 19 0 0
159 19 0 0
160 19 0 0
161 19 0 0
162 18 0 0
163 20 0 0
164 16 0 0
165 18 0 0
166 17 0 0
167 17 0 0
168 18 0 0
169 18 0 0
170 15 0 0
171 16 0 0
172 15 0 1
173 16 0 1
174 19 0 1
175 20 0 1
176 19 0 1
177 20 0 1
178 16 0 1
179 15 0 1
180 14 0 1
181 12 0 1
182 13 0 1
183 16 0 1
184 17 0 1
185 17 0 1
186 17 0 1
187 15 0 1
188 14 0 1
189 17 0 1
190 19 0 1
191 21 0 1
192 20 0 1
193 19 0 1
194 17 0 1
195 17 0 1
196 17 0 1
197 17 0 1
198 19 0 1
199 19 0 1
200 20 0 1
201 18 0 1
202 19 0 0
203 19 0 0
204 20 0 0
205 21 0 1
206 20 0 1
207 20 0 1
208 20 0 1
209 20 0 1
210 18 0 2
211 19 0 1
212 18 0 1
213 17 0 1
214 15 0 1
215 16 0 3
216 15 0 1
217 15 0 1
218 17 0 1
219 19 0 2
220 18 0 3
221 17 0 3
222 15 0 2
223 16 0 2
224 16 0 2
225 19 0 2
226 20 0 3
227 18 0 2
228 17 0 2
229 20 0 3
230 19 0 2
231 18 0 2
232 16 0 3
233 17 0 1
234 19 0 2
235 18 0 2
236 18 0 1
237 17 0 2
238 15 0 3
239 16 0 3
240 18 0 2
241 19 0 1
242 20 0 2
243 21 0 2
244 21 0 3
245 22 0 3
246 22 0 2
247 19 0 3
248 18 0 3
249 16 0 3
250 20 0 2
251 20 0 2
252 17 0 3
253 19 0 3
254 20 0 2
255 20 0 2
256 19 0 1
257 19 0 3
258 20 0 3
259 19 0 2
260 16 0 3
261 20 0 4
262 20 0 4
263 18 0 3
264 20 0 3
265 17 0 4
266 19 0 4
267 19 0 4
268 20 0 3
269 19 0 4
270 19 0 5
271 21 0 4
272 21 0 3
273 20 0 4
274 19 0 4
275 20 0 3
276 20 0 4
277 21 0 3
278 22 0 4
279 20 0 4
280 20 0 3
281 18 0 3
282 21 0 3
283 21 0 5
284 22 0 5
285 19 0 3
286 19 0 3
287 17 0 5
288 19 0 5
289 19 0 4
290 21 0 3
291 23 0 3
292 22 0 5
293 19 0 5
294 20 0 4
295 21 0 4
296 17 0 4
297 17 0 5
298 18 0 5
299 19 0 3
300 19 0 5
301 18 0 5
302 19 0 4
303 19 0 5
304 20 0 4
305 20 0 4
306 23 0 4
307 23 0 6
308 24 0 6
309 24 0 4
310 24 0 6
311 24 0 5
312 20 0 4
313 22 0 5
314 22 0 6
315 22 0 4
316 21 0 5
317 22 0 5
318 19 0 4
319 20 0 5
320 22 0 5
321 23 0 5
322 22 0 5
323 24 0 6
324 23 0 6
325 23 0 4
326 21 0 4
327 24 0 5
328 25 0 5
329 24 0 6
330 23 0 4
331 23 0 3
332 25 0 4
333 24 0 5
334 26 0 5
335 25 0 5
336 23 0 5
337 23 0 5
338 23 0 5
339 26 0 5
340 22 0 5
341 21 0 6
342 23 0 5
343 24 0 5
344 25 0 4
345 27 0 4
346 28 0 5
347 27 0 5
348 27 0 5
349 25 0 4
350 24 0 5
351 24 0 5
352 23 0 6
353 22 0 6
354 21 0 5
355 25 0 5
356 24 0 5
357 25 0 5
358 24 0 5
359 24 0 6
360 26 0 5
361 26 0 5
362 26 0 5
363 26 0 6
364 26 0 6
365 26 0 5
366 27 0 5
367 28 0 4
368 28 0 6
369 25 0 6
370 23 0 5
371 26 0 6
372 25 0 6
373 26 0 6
374 30 0 5
375 30 0 5
376 30 0 6
377 29 0 6
378 28 0 5
379 29 0 5
380 29 0 5
381 31 0 5
382 28 0 6
383 26 0 4
384 25 0 6
385 26 0 6
386 27 0 5
387 28 0 5
388 29 0 5
389 29 0 4
390 28 0 5
391 24 0 6
392 24 0 6
393 25 0 5
394 23 0 5
395 22 0 6
396 21 0 5
397 22 0 5
398 28 0 6
399 28 0 7
400 31 0 6
