0 0 0 0
1 0 0 0
2 0 0 0
3 0 0 0
4 0 0 0
5 0 0 0
6 0 0 0
7 0 0 0
8 0 0 0
9 0 0 0
10 0 0 0
11 0 0 0
12 0 0 0
13 1 0 0
14 1 0 0
15 0 0 0
16 0 0 0
17 1 0 0
18 2 0 0
19 3 0 0
20 1 0 0
21 1 0 0
22 1 0 0
23 3 0 0
24 4 0 0
25 5 0 0
26 5 0 0
27 5 0 0
28 5 0 0
29 6 0 0
30 5 0 0
31 6 0 0
32 3 0 0
33 5 0 0
34 7 0 0
35 6 0 0
36 7 0 0
37 5 0 0
38 7 0 0
39 4 0 0
40 4 0 0
41 7 0 0
42 6 0 0
43 8 0 0
44 7 0 0
45 7 0 0
46 9 0 0
47 10 0 0
48 8 0 0
49 9 0 0
50 9 0 0
51 10 0 0
52 10 0 0
53 10 0 0
54 10 0 0
55 10 0 0
56 10 0 0
57 10 0 0
58 10 0 0
59 10 0 0
60 11 0 0
61 12 0 0
62 11 0 0
63 11 0 0
64 10 0 0
65 10 0 0
66 12 0 0
67 12 0 0
68 11 0 0
69 9 0 0
70 11 0 0
71 12 0 0
72 13 0 0
73 12 0 0
74 13 0 0
75 11 0 0
76 12 0 0
77 12 0 0
78 12 0 0
79 11 0 0
80 11 0 0
81 14 0 0
82 14 0 0
83 14 0 0
84 14 0 0
85 14 0 0
86 12 1 0
87 13 0 0
88 12 1 0
89 13 1 0
90 12 1 0
91 13 1 0
92 15 1 0
93 16 1 0
94 15 1 0
95 14 1 0
96 15 1 0
97 15 1 0
98 15 0 0
99 14 1 0
100 15 0 0
101 14 1 0
102 13 1 0
103 12 1 0
104 12 0 0
105 12 1 0
106 12 1 0
107 13 0 0
108 13 1 0
109 13 1 0
110 13 1 0
111 13 0 0
112 12 1 0
113 12 1 0
114 13 0 0
115 13 1 0
116 13 1 0
117 13 1 0
118 15 0 0
119 15 0 0
120 15 0 0
121 15 0 0
122 15 0 0
123 14 0 0
124 14 0 0
125 15 0 0
126 16 0 0
127 16 0 0
128 16 1 0
129 16 0 0
130 15 1 0
131 14 0 0
132 14 1 0
133 13 0 0
134 14 0 0
135 13 0 0
136 12 1 0
137 12 1 0
138 14 1 0
139 13 1 0
140 13 1 0
141 14 1 0
142 14 1 0
143 15 1 0
144 16 1 0
145 14 1 0
146 14 0 0
147 15 1 0
148 14 1 0
149 12 1 0
150 12 1 0
151 13 0 0
152 13 1 0
153 13 1 0
154 13 1 0
155 14 1 0
156 12 1 0
157 13 1 0
158 13 1 0
159 14 0 0
160 17 2 0
161 16 2 0
162 16 1 0
163 16 2 0
164 17 1 0
165 15 2 0
166 16 2 0
167 14 1 0
168 13 2 0
169 15 1 0
170 16 2 0
171 17 1 0
172 16 2 0
173 16 2 0
174 14 2 0
175 17 2 0
176 18 2 0
177 17 1 0
178 16 2 0
179 16 2 0
180 16 2 0
181 16 2 0
182 16 2 0
183 16 2 0
184 17 1 0
185 17 2 0
186 16 2 0
187 16 2 0
188 17 2 0
189 17 2 0
190 13 2 0
191 13 2 0
192 13 2 0
193 13 2 0
194 17 2 0
195 20 2 0
196 20 2 0
197 19 2 0
198 16 2 0
199 17 2 0
200 19 2 0
201 19 2 0
202 20 2 0
203 20 3 0
204 18 2 0
205 17 2 0
206 18 2 0
207 20 2 0
208 17 2 0
209 17 2 0
210 20 2 0
211 18 3 0
212 19 2 0
213 18 2 0
214 19 3 0
215 20 3 0
216 19 2 0
217 14 2 0
218 17 2 0
219 18 3 0
220 17 2 0
221 18 2 0
222 22 2 0
223 23 2 0
224 22 2 0
225 25 2 0
226 23 1 0
227 25 1 1
228 25 2 0
229 23 2 0
230 23 3 0
231 25 3 0
232 25 4 0
233 24 3 0
234 24 2 0
235 24 3 0
236 23 3 1
237 22 3 0
238 24 2 0
239 24 3 1
240 25 3 1
241 25 3 0
242 25 4 1
243 24 3 0
244 24 2 0
245 23 2 1
246 20 3 1
247 21 2 1
248 23 2 1
249 19 2 2
250 21 3 2
251 24 3 2
252 25 3 1
253 25 2 1
254 25 3 1
255 26 2 2
256 26 3 2
257 25 3 2
258 27 4 2
259 28 4 2
260 28 2 2
261 27 5 2
262 25 4 2
263 25 5 2
264 25 5 2
265 25 4 2
266 24 5 1
267 25 5 2
268 25 5 1
269 26 4 1
270 23 5 1
271 26 5 2
272 27 4 2
273 27 5 1
274 26 4 1
275 26 4 2
276 26 4 2
277 27 4 2
278 25 5 3
279 23 4 2
280 27 4 2
281 27 4 2
282 27 4 2
283 28 5 1
284 26 4 2
285 26 4 3
286 23 4 2
287 23 5 1
288 24 4 1
289 26 4 1
290 26 4 1
291 28 4 2
292 27 4 3
293 26 4 2
294 26 4 2
295 25 4 1
296 25 5 1
297 27 4 2
298 26 4 1
299 28 4 3
300 27 4 3
301 26 5 1
302 25 5 2
303 30 5 1
304 28 5 1
305 27 4 2
306 24 4 3
307 27 5 1
308 25 5 1
309 23 5 2
310 28 5 1
311 27 5 2
312 22 5 2
313 25 5 3
314 26 5 0
315 26 5 1
316 28 5 1
317 28 5 2
318 26 5 2
319 28 5 1
320 27 5 1
321 28 5 1
322 29 5 2
323 29 5 3
324 27 5 2
325 26 5 2
326 26 5 3
327 27 5 2
328 24 5 2
329 26 5 2
330 29 5 2
331 29 5 2
332 28 5 1
333 28 5 1
334 29 5 1
335 27 5 2
336 27 5 3
337 27 5 2
338 28 5 3
339 27 5 3
340 27 5 2
341 31 6 2
342 28 6 2
343 28 6 2
344 27 6 3
345 29 6 2
346 26 6 2
347 27 6 2
348 27 6 2
349 28 6 2
350 29 6 2
351 29 6 3
352 29 6 2
353 30 6 2
354 29 6 2
355 30 6 1
356 30 6 1
357 27 6 2
358 27 6 2
359 31 6 2
360 31 6 2
361 31 6 2
362 30 6 2
363 30 6 2
364 29 6 3
365 30 6 3
366 30 6 3
367 30 6 3
368 30 6 2
369 31 6 2
370 29 6 2
371 28 6 2
372 29 6 2
373 30 5 2
374 33 6 2
375 30 6 2
376 31 7 3
377 31 6 2
378 34 6 2
379 33 6 3
380 35 7 2
381 36 6 2
382 34 7 2
383 30 7 2
384 31 7 2
385 32 7 2
386 32 7 2
387 32 7 2
388 33 7 2
389 33 7 2
390 32 8 2
391 34 8 1
392 34 8 3
393 34 7 3
394 33 7 1
395 34 6 2
396 33 8 3
397 33 6 3
398 32 8 2
399 31 8 2
400 32 8 2
