0 0 0 0
1 0 0 0
2 0 0 0
3 0 0 0
4 0 0 0
5 0 0 0
6 0 0 0
7 0 0 0
8 0 0 0
9 0 0 0
10 0 0 0
11 0 0 0
12 0 0 0
13 0 0 0
14 0 0 0
15 0 0 0
16 0 0 0
17 0 0 0
18 0 0 0
19 0 0 0
20 0 0 0
21 0 0 0
22 0 0 0
23 1 0 0
24 1 0 0
25 1 0 0
26 1 0 0
27 2 0 0
28 2 0 0
29 3 0 0
30 4 0 0
31 3 0 0
32 6 0 0
33 5 0 0
34 4 0 0
35 4 0 0
36 5 0 0
37 6 0 0
38 6 0 0
39 7 0 0
40 6 0 0
41 8 0 0
42 8 0 0
43 9 0 0
44 7 0 0
45 8 0 0
46 9 0 0
47 9 0 0
48 8 0 0
49 9 0 0
50 8 0 0
51 9 0 0
52 8 0 0
53 9 0 0
54 8 0 0
55 8 0 0
56 8 0 0
57 8 0 0
58 8 0 0
59 7 0 0
60 8 0 0
61 8 0 0
62 9 0 0
63 9 0 0
64 10 0 0
65 10 0 0
66 7 0 0
67 8 0 0
68 9 0 0
69 9 0 0
70 9 0 0
71 10 0 0
72 11 0 0
73 11 0 0
74 11 0 0
75 11 0 0
76 10 0 0
77 10 0 0
78 11 0 0
79 13 0 0
80 11 0 0
81 14 0 0
82 14 0 0
83 13 0 0
84 15 0 0
85 11 0 0
86 15 0 0
87 14 0 0
88 13 0 0
89 13 0 0
90 12 0 0
91 14 0 0
92 15 0 0
93 15 0 0
94 13 0 0
95 11 0 0
96 18 0 0
97 15 0 0
98 12 0 0
99 14 0 0
100 16 0 0
101 16 0 0
102 15 0 0
103 15 0 0
104 16 0 0
105 17 0 0
106 15 0 0
107 15 0 0
108 15 0 0
109 13 0 0
110 15 0 0
111 16 0 0
112 15 0 0
113 15 0 0
114 15 0 0
115 16 0 0
116 15 0 0
117 15 0 0
118 15 0 0
119 18 0 0
120 16 0 0
121 15 0 0
122 14 0 0
123 13 0 0
124 14 0 0
125 13 0 0
126 12 0 0
127 14 0 0
128 17 0 0
129 17 0 0
130 17 0 0
131 14 0 0
132 14 0 0
133 13 0 0
134 14 0 0
135 13 0 0
136 17 0 0
137 16 0 0
138 13 0 0
139 12 0 0
140 11 0 0
141 14 0 0
142 12 0 0
143 11 0 0
144 12 0 0
145 11 0 0
146 12 0 0
147 12 0 0
148 13 0 0
149 14 0 0
150 15 0 0
151 11 0 0
152 13 0 0
153 13 0 0
154 14 0 0
155 14 0 0
156 14 0 0
157 15 0 0
158 13 0 0
159 11 0 0
160 11 0 0
161 12 0 0
162 13 0 0
163 12 0 0
164 13 0 0
165 10 0 0
166 9 0 0
167 10 0 0
168 13 0 0
169 14 0 0
170 14 0 0
171 17 0 0
172 18 0 0
173 15 0 0
174 12 0 0
175 14 0 0
176 16 0 0
177 15 0 0
178 17 0 0
179 15 0 0
180 15 0 0
181 13 0 0
182 13 0 0
183 14 0 0
184 13 0 0
185 14 0 0
186 13 0 0
187 14 0 0
188 14 0 0
189 13 0 0
190 15 0 0
191 14 0 0
192 12 0 0
193 14 0 0
194 16 0 0
195 15 0 0
196 15 0 0
197 18 0 0
198 18 0 0
199 18 0 0
200 15 0 0
201 13 0 0
202 13 0 0
203 14 0 0
204 14 0 0
205 14 0 0
206 17 0 0
207 15 0 0
208 15 0 0
209 15 0 0
210 17 0 0
211 16 0 0
212 16 0 0
213 15 0 0
214 10 0 0
215 11 0 0
216 14 0 0
217 13 0 0
218 12 0 0
219 12 0 0
220 16 0 0
221 16 0 0
222 16 1 0
223 14 0 0
224 15 0 0
225 17 0 0
226 14 0 0
227 13 0 0
228 11 0 0
229 13 0 0
230 15 0 0
231 15 0 0
232 16 0 0
233 15 0 0
234 12 0 0
235 12 0 0
236 16 0 0
237 15 0 0
238 12 0 0
239 12 0 0
240 13 0 0
241 15 0 0
242 15 0 0
243 14 0 0
244 10 0 0
245 12 0 1
246 13 0 0
247 13 0 0
248 16 0 0
249 14 0 0
250 13 0 0
251 14 0 0
252 16 0 0
253 16 0 0
254 13 0 0
255 13 0 0
256 11 0 0
257 12 0 0
258 15 0 0
259 13 0 0
260 13 0 0
261 13 0 0
262 14 0 0
263 15 0 0
264 14 0 0
265 15 0 0
266 16 0 0
267 16 0 0
268 15 0 0
269 13 0 0
270 14 0 0
271 12 0 0
272 12 0 0
273 11 0 0
274 12 0 0
275 10 0 0
276 11 0 0
277 13 0 0
278 15 0 0
279 17 0 0
280 18 0 0
281 17 0 0
282 13 0 0
283 13 0 0
284 12 0 0
285 17 0 0
286 16 0 0
287 15 0 0
288 11 0 0
289 12 0 0
290 13 0 0
291 12 0 0
292 15 0 0
293 13 0 0
294 14 0 0
295 17 0 0
296 16 0 0
297 16 0 0
298 18 0 0
299 17 0 0
300 17 0 0
301 14 0 0
302 14 0 0
303 16 0 0
304 15 0 0
305 13 0 0
306 14 0 0
307 14 0 0
308 14 0 0
309 14 0 0
310 12 0 0
311 13 0 0
312 16 0 0
313 13 0 0
314 13 0 0
315 15 0 0
316 15 0 0
317 14 0 0
318 15 0 0
319 17 0 0
320 17 0 0
321 13 0 0
322 13 0 0
323 16 0 0
324 18 0 0
325 19 0 0
326 16 0 0
327 17 0 0
328 14 0 0
329 17 0 0
330 17 0 0
331 17 0 0
332 17 0 0
333 15 0 0
334 17 0 0
335 17 0 0
336 16 0 0
337 16 0 0
338 18 0 0
339 19 0 0
340 17 0 0
341 15 0 0
342 15 0 0
343 15 0 0
344 15 0 0
345 15 0 0
346 14 0 0
347 14 0 0
348 18 0 0
349 14 0 0
350 15 0 0
351 17 0 0
352 18 0 0
353 17 0 0
354 16 0 0
355 17 0 0
356 17 0 0
357 17 0 0
358 15 0 0
359 17 0 0
360 15 0 0
361 15 0 0
362 15 0 0
363 16 0 0
364 16 0 0
365 13 0 0
366 15 0 0
367 13 0 0
368 14 0 0
369 15 0 0
370 17 0 0
371 18 0 0
372 19 0 0
373 17 0 0
374 15 0 0
375 15 0 0
376 16 0 0
377 19 0 0
378 19 0 0
379 17 0 0
380 17 0 0
381 17 0 0
382 15 0 0
383 15 0 0
384 17 0 0
385 17 0 0
386 19 0 0
387 21 0 0
388 20 0 0
389 19 0 0
390 16 0 0
391 16 0 0
392 15 0 0
393 15 0 0
394 15 0 0
395 14 0 0
396 14 0 0
397 14 0 0
398 16 0 0
399 12 0 0
400 12 0 0
