0 0 0 0
1 0 0 0
2 0 0 0
3 0 0 0
4 0 0 0
5 0 0 0
6 0 0 0
7 0 0 0
8 0 0 0
9 0 0 0
10 0 0 0
11 0 0 0
12 0 0 0
13 0 0 0
14 0 0 0
15 1 0 0
16 1 0 0
17 1 0 0
18 1 0 0
19 1 0 0
20 0 0 0
21 1 0 0
22 3 0 0
23 3 0 0
24 3 0 0
25 7 0 0
26 7 0 0
27 7 0 0
28 6 0 1
29 7 0 0
30 7 0 1
31 6 0 1
32 6 0 0
33 8 0 1
34 10 0 1
35 8 0 0
36 6 0 0
37 5 0 1
38 8 0 1
39 9 0 1
40 9 0 1
41 9 0 1
42 9 0 1
43 8 0 1
44 8 0 1
45 11 0 1
46 11 0 1
47 11 0 1
48 12 0 1
49 10 0 0
50 11 0 1
51 10 0 1
52 9 0 1
53 10 0 1
54 9 0 1
55 12 0 1
56 9 0 1
57 7 0 1
58 8 0 1
59 10 0 1
60 10 0 1
61 10 0 1
62 12 0 1
63 11 0 1
64 12 0 1
65 13 0 1
66 11 0 1
67 12 0 1
68 12 0 1
69 14 0 1
70 12 0 1
71 14 0 1
72 14 0 1
73 13 0 1
74 15 0 1
75 15 0 1
76 15 0 1
77 16 0 1
78 15 0 1
79 13 0 1
80 17 0 1
81 17 0 1
82 18 0 1
83 19 0 1
84 18 0 1
85 15 0 1
86 16 0 1
87 18 0 1
88 18 0 1
89 20 0 1
90 18 0 1
91 19 0 1
92 19 0 1
93 17 0 1
94 18 0 1
95 19 0 1
96 18 0 1
97 15 0 1
98 17 0 1
99 18 0 1
100 17 0 1
101 17 0 1
102 16 0 1
103 12 0 1
104 12 0 1
105 11 0 1
106 10 0 1
107 11 0 1
108 11 0 1
109 12 0 1
110 13 0 1
111 14 0 1
112 16 0 1
113 17 0 1
114 18 0 1
115 18 0 1
116 16 0 1
117 15 0 1
118 16 0 1
119 16 0 1
120 15 0 1
121 12 0 1
122 11 0 1
123 11 0 1
124 13 0 1
125 13 0 1
126 13 0 1
127 13 0 1
128 13 0 1
129 14 0 1
130 17 0 1
131 16 0 1
132 15 0 1
133 15 0 1
134 14 0 1
135 15 0 1
136 15 0 1
137 16 0 1
138 16 0 1
139 14 0 1
140 12 0 1
141 11 0 1
142 11 0 1
143 11 0 1
144 11 0 1
145 12 0 1
146 16 0 1
147 16 0 1
148 12 0 1
149 14 0 1
150 13 0 1
151 13 0 1
152 12 0 2
153 12 0 2
154 12 0 2
155 13 0 2
156 12 0 2
157 12 0 2
158 11 0 2
159 13 0 2
160 15 0 2
161 16 0 2
162 17 0 1
163 17 0 1
164 14 0 1
165 15 0 2
166 15 0 1
167 14 0 1
168 14 0 1
169 14 0 2
170 15 0 2
171 15 0 2
172 14 0 2
173 13 0 1
174 14 0 1
175 12 0 2
176 12 0 2
177 12 0 1
178 13 0 1
179 12 0 2
180 13 0 2
181 17 0 1
182 16 0 2
183 17 0 2
184 19 0 2
185 18 0 1
186 17 0 1
187 16 0 1
188 17 0 2
189 15 0 2
190 15 0 2
191 16 0 2
192 16 0 2
193 14 0 2
194 12 0 1
195 15 0 1
196 16 0 1
197 17 0 2
198 17 0 2
199 18 0 2
200 18 0 2
201 19 0 1
202 16 0 1
203 15 0 2
204 15 0 2
205 15 0 2
206 17 0 2
207 17 0 2
208 17 0 2
209 14 0 2
210 15 0 2
211 15 0 2
212 14 0 2
213 13 0 2
214 13 0 1
215 16 0 2
216 15 0 1
217 13 0 2
218 12 0 2
219 11 0 1
220 14 0 2
221 15 0 0
222 15 0 1
223 15 0 1
224 17 0 2
225 19 0 2
226 17 0 1
227 15 0 2
228 16 0 2
229 19 0 2
230 21 0 2
231 20 0 0
232 19 0 2
233 19 0 1
234 17 0 1
235 16 0 1
236 17 0 1
237 19 0 2
238 19 0 2
239 19 0 1
240 18 1 1
241 19 0 2
242 16 0 1
243 15 0 1
244 13 0 1
245 12 0 1
246 14 0 2
247 17 0 0
248 18 0 1
249 19 0 2
250 19 0 2
251 20 0 1
252 19 0 1
253 18 0 0
254 17 0 2
255 19 0 1
256 20 0 2
257 18 0 2
258 20 0 2
259 21 0 2
260 19 0 2
261 20 0 2
262 19 0 2
263 19 0 2
264 18 0 2
265 18 0 2
266 16 0 1
267 17 0 1
268 16 0 2
269 18 0 2
270 19 0 2
271 21 0 2
272 22 0 2
273 21 0 2
274 21 0 2
275 21 0 1
276 21 0 2
277 21 0 2
278 22 0 1
279 25 0 2
280 22 0 1
281 22 0 1
282 19 0 2
283 19 0 1
284 19 0 1
285 20 0 1
286 18 0 1
287 20 0 2
288 19 0 2
289 14 0 2
290 13 0 2
291 16 0 2
292 17 0 2
293 16 0 2
294 17 0 2
295 17 0 2
296 19 0 2
297 16 0 2
298 19 0 2
299 18 0 2
300 16 0 2
301 15 0 2
302 13 0 2
303 12 0 2
304 15 0 2
305 16 0 2
306 16 0 2
307 17 0 2
308 18 0 2
309 15 0 2
310 15 0 2
311 16 0 2
312 15 0 2
313 15 0 2
314 17 0 2
315 15 0 2
316 18 0 2
317 18 0 2
318 18 0 2
319 18 0 2
320 18 0 1
321 20 0 1
322 18 0 1
323 16 0 2
324 16 0 2
325 16 0 1
326 18 0 1
327 16 0 2
328 21 0 1
329 21 0 1
330 18 0 1
331 19 0 2
332 19 0 2
333 20 0 1
334 21 0 1
335 20 0 1
336 17 0 1
337 18 0 1
338 16 0 1
339 17 0 1
340 14 0 2
341 13 0 2
342 18 0 2
343 21 0 2
344 21 0 2
345 23 0 2
346 23 0 2
347 20 0 2
348 20 0 2
349 19 0 2
350 18 0 1
351 18 0 1
352 22 0 2
353 20 0 2
354 21 0 2
355 23 0 1
356 20 0 2
357 19 0 2
358 16 0 2
359 16 1 2
360 20 0 2
361 21 1 2
362 21 0 2
363 22 0 2
364 21 0 2
365 21 0 2
366 23 1 1
367 23 1 2
368 21 0 2
369 20 0 2
370 21 0 2
371 21 0 2
372 22 0 2
373 20 0 1
374 22 0 1
375 23 0 1
376 23 0 2
377 23 0 2
378 22 0 1
379 20 0 2
380 17 0 2
381 19 0 2
382 18 0 1
383 19 0 1
384 21 0 2
385 21 0 2
386 21 0 2
387 20 1 2
388 18 0 2
389 18 0 2
390 19 0 2
391 19 0 2
392 20 0 2
393 20 0 1
394 19 0 2
395 21 0 2
396 20 0 1
397 18 0 2
398 18 0 2
399 20 0 1
400 19 0 1
