0 0 0 0
1 0 0 0
2 0 0 0
3 0 0 0
4 0 0 0
5 0 0 0
6 0 0 0
7 0 0 0
8 1 0 0
9 1 0 0
10 1 0 0
11 1 0 0
12 1 0 0
13 1 0 0
14 1 0 0
15 0 0 0
16 1 0 0
17 1 0 0
18 2 0 0
19 2 0 0
20 3 0 0
21 3 0 0
22 5 0 0
23 5 0 0
24 4 0 0
25 3 0 0
26 6 0 0
27 5 0 0
28 5 0 0
29 5 0 0
30 5 0 0
31 5 0 0
32 6 0 0
33 7 0 0
34 9 0 0
35 8 0 0
36 8 0 0
37 9 0 0
38 7 0 0
39 8 0 0
40 9 0 0
41 11 0 0
42 13 0 0
43 13 0 0
44 15 0 0
45 15 0 0
46 12 0 0
47 12 0 0
48 11 0 0
49 13 0 0
50 13 0 0
51 13 0 0
52 12 0 0
53 12 0 0
54 13 0 0
55 14 0 0
56 14 0 0
57 11 0 0
58 14 0 0
59 13 0 0
60 15 0 0
61 17 0 0
62 15 0 0
63 16 0 0
64 17 0 0
65 14 0 0
66 15 0 0
67 16 0 0
68 18 0 0
69 16 0 0
70 17 0 0
71 17 0 0
72 17 0 0
73 15 0 0
74 16 0 0
75 14 0 0
76 18 0 0
77 17 0 0
78 17 0 0
79 19 0 0
80 17 0 0
81 20 0 0
82 20 0 0
83 19 0 0
84 22 0 0
85 20 0 0
86 21 0 0
87 20 0 0
88 21 0 0
89 21 0 0
90 22 0 0
91 19 0 0
92 21 0 0
93 22 0 0
94 23 0 0
95 21 0 0
96 23 0 0
97 22 0 0
98 20 0 0
99 20 0 0
100 21 0 0
101 21 0 0
102 21 0 0
103 19 0 0
104 18 0 0
105 19 0 0
106 22 0 0
107 21 0 0
108 17 0 0
109 20 0 0
110 22 0 0
111 21 0 0
112 19 0 0
113 17 0 0
114 18 0 0
115 19 0 0
116 21 0 0
117 22 0 0
118 20 0 0
119 18 0 0
120 18 0 0
121 16 0 0
122 14 0 0
123 16 0 0
124 18 0 0
125 21 0 0
126 19 0 0
127 18 0 0
128 17 0 0
129 17 0 0
130 15 0 0
131 16 0 0
132 20 0 0
133 22 0 0
134 21 0 0
135 20 0 0
136 20 0 0
137 20 0 0
138 20 0 0
139 21 0 0
140 22 0 0
141 23 0 0
142 23 0 0
143 20 0 0
144 21 0 0
145 19 0 0
146 19 0 0
147 18 0 0
148 20 0 0
149 20 0 0
150 19 0 0
151 21 0 0
152 19 0 0
153 17 0 0
154 17 0 0
155 18 0 0
156 18 0 0
157 21 0 0
158 21 0 0
159 22 0 0
160 22 0 0
161 21 0 0
162 21 0 0
163 20 0 0
164 20 0 0
165 16 0 0
166 17 0 0
167 19 0 0
168 19 0 0
169 17 0 0
170 17 0 0
171 18 0 0
172 19 0 0
173 21 0 0
174 21 0 0
175 20 0 0
176 20 0 0
177 23 0 0
178 20 0 0
179 19 0 0
180 17 0 0
181 17 0 0
182 16 0 0
183 17 0 0
184 20 0 0
185 18 0 0
186 18 0 0
187 17 0 0
188 17 0 0
189 17 0 0
190 17 0 0
191 20 0 0
192 19 0 0
193 16 0 0
194 15 0 0
195 16 0 0
196 19 0 0
197 19 0 0
198 17 0 0
199 16 0 0
200 16 0 0
201 16 0 0
202 14 0 0
203 14 0 0
204 19 0 0
205 18 0 0
206 21 0 0
207 24 0 0
208 24 0 0
209 21 0 0
210 22 0 0
211 21 0 0
212 17 0 0
213 17 0 0
214 18 0 0
215 19 0 0
216 20 0 0
217 20 0 0
218 19 0 0
219 21 0 0
220 22 0 0
221 21 0 0
222 22 0 0
223 20 0 0
224 19 0 0
225 20 0 0
226 21 0 0
227 16 0 0
228 16 0 0
229 16 0 0
230 16 0 0
231 16 0 0
232 19 0 0
233 19 0 0
234 21 0 0
235 21 0 0
236 19 0 0
237 19 0 0
238 19 0 0
239 17 0 0
240 17 0 0
241 21 0 0
242 24 0 0
243 23 0 0
244 25 0 0
245 22 0 0
246 19 0 0
247 19 0 0
248 20 0 0
249 18 0 0
250 16 0 0
251 19 0 0
252 20 0 0
253 20 0 0
254 20 0 0
255 21 0 0
256 19 0 0
257 18 0 0
258 17 0 0
259 15 0 0
260 17 0 0
261 17 0 0
262 21 0 0
263 18 0 0
264 18 0 0
265 18 0 0
266 21 0 0
267 21 0 0
268 22 0 0
269 21 0 0
270 24 0 0
271 23 0 0
272 20 0 0
273 21 0 0
274 20 0 0
275 19 0 1
276 17 0 0
277 22 0 0
278 17 0 1
279 17 0 0
280 17 0 0
281 20 0 0
282 18 0 0
283 19 0 0
284 19 0 1
285 20 0 0
286 20 0 0
287 23 0 0
288 25 0 0
289 25 0 0
290 26 0 0
291 22 0 1
292 22 0 0
293 18 0 0
294 18 0 0
295 19 0 0
296 23 0 0
297 22 0 0
298 18 0 0
299 16 0 0
300 15 0 0
301 17 0 1
302 21 0 1
303 21 0 1
304 20 0 0
305 18 0 0
306 19 0 0
307 16 0 1
308 19 0 0
309 19 0 0
310 19 0 0
311 21 0 0
312 21 0 1
313 18 0 0
314 19 0 0
315 19 0 0
316 18 0 0
317 18 0 0
318 17 0 0
319 20 0 0
320 20 0 0
321 19 0 1
322 22 0 0
323 21 0 0
324 22 0 0
325 23 0 0
326 22 0 0
327 21 0 0
328 20 0 0
329 19 0 0
330 20 0 0
331 19 0 0
332 18 0 0
333 23 0 0
334 22 0 0
335 20 0 0
336 20 0 1
337 20 0 1
338 22 0 1
339 22 0 1
340 22 0 1
341 21 0 1
342 21 0 1
343 20 0 0
344 17 0 0
345 19 0 0
346 21 0 1
347 22 0 0
348 19 0 1
349 19 0 1
350 19 0 0
351 19 0 0
352 19 0 0
353 21 0 1
354 19 0 0
355 20 0 0
356 19 0 1
357 20 0 1
358 24 0 1
359 22 0 1
360 23 0 1
361 25 0 1
362 26 0 1
363 25 0 1
364 26 0 1
365 26 0 1
366 23 0 1
367 23 0 1
368 21 0 0
369 20 0 1
370 20 0 1
371 19 0 1
372 17 0 1
373 20 0 1
374 21 0 0
375 21 0 0
376 24 0 1
377 23 0 1
378 22 0 1
379 19 0 1
380 21 0 1
381 19 0 1
382 18 0 1
383 19 0 0
384 19 0 1
385 17 0 0
386 19 0 1
387 14 0 1
388 15 0 0
389 16 0 0
390 18 0 0
391 20 0 0
392 21 0 1
393 19 0 0
394 21 0 1
395 21 0 1
396 21 0 1
397 15 0 1
398 16 0 1
399 18 0 1
400 21 0 0
