0 0 0 0
1 0 0 0
2 0 0 0
3 0 0 0
4 0 0 0
5 0 0 0
6 0 0 0
7 0 0 0
8 0 0 0
9 0 0 0
10 0 0 0
11 1 0 0
12 1 0 0
13 1 0 0
14 2 0 0
15 4 0 0
16 4 0 0
17 4 0 0
18 3 0 0
19 4 0 0
20 4 0 0
21 5 0 0
22 6 0 0
23 7 0 1
24 8 0 1
25 7 0 1
26 6 0 1
27 9 0 1
28 9 0 1
29 10 0 1
30 10 0 1
31 10 0 1
32 11 0 1
33 12 0 1
34 10 0 1
35 11 0 2
36 12 0 2
37 12 0 2
38 15 0 1
39 14 0 0
40 12 0 1
41 12 0 3
42 14 0 3
43 13 0 1
44 15 0 3
45 12 0 1
46 15 0 2
47 14 0 1
48 14 0 2
49 13 0 1
50 12 0 0
51 11 0 0
52 13 0 0
53 14 0 1
54 13 0 1
55 14 0 1
56 13 0 0
57 10 0 1
58 13 0 0
59 14 0 1
60 10 0 0
61 13 0 1
62 14 0 1
63 17 0 1
64 17 1 2
65 15 1 1
66 15 0 1
67 18 0 1
68 19 0 2
69 14 0 1
70 12 0 1
71 15 0 2
72 19 0 1
73 19 0 2
74 17 0 1
75 14 0 2
76 17 0 2
77 15 0 1
78 20 0 1
79 21 0 2
80 20 0 2
81 21 0 2
82 24 0 2
83 25 0 2
84 23 0 1
85 24 0 1
86 23 0 1
87 24 1 2
88 24 1 2
89 23 1 2
90 22 1 1
91 23 0 1
92 24 0 1
93 26 0 2
94 23 0 2
95 23 0 2
96 24 0 2
97 27 0 2
98 24 0 2
99 23 0 2
100 26 0 2
101 25 0 2
102 25 1 1
103 23 0 2
104 22 0 2
105 23 0 2
106 25 1 2
107 24 0 2
108 23 0 2
109 23 0 2
110 24 1 2
111 23 1 2
112 24 0 2
113 25 0 2
114 23 0 2
115 22 1 2
116 21 0 2
117 21 0 2
118 20 0 2
119 19 1 2
120 18 0 2
121 19 2 2
122 22 1 2
123 22 1 2
124 25 0 2
125 24 0 1
126 24 2 2
127 23 2 2
128 23 1 1
129 27 1 2
130 27 2 2
131 27 2 2
132 24 2 2
133 22 1 2
134 22 2 2
135 23 2 2
136 24 3 2
137 27 1 2
138 28 2 2
139 28 3 2
140 28 3 2
141 27 2 2
142 27 2 2
143 28 3 2
144 30 3 2
145 29 3 2
146 30 2 2
147 28 3 2
148 29 3 2
149 29 2 2
150 31 2 2
151 28 3 2
152 30 3 1
153 28 3 2
154 29 2 2
155 28 2 2
156 27 3 2
157 25 3 2
158 26 2 2
159 27 3 2
160 28 3 2
161 32 3 2
162 32 3 2
163 29 2 2
164 31 3 2
165 32 3 2
166 32 2 2
167 28 2 2
168 25 2 2
169 25 3 2
170 29 3 2
171 28 2 1
172 28 2 2
173 28 4 2
174 28 2 2
175 29 2 2
176 28 2 2
177 27 2 1
178 29 5 1
179 29 1 1
180 31 1 2
181 32 3 2
182 32 5 3
183 31 2 3
184 32 3 2
185 31 4 2
186 32 4 2
187 34 3 2
188 31 3 3
189 30 4 3
190 29 4 1
191 30 4 3
192 30 4 3
193 30 3 1
194 32 4 2
195 30 3 1
196 31 4 2
197 29 3 4
198 30 4 4
199 34 5 3
200 33 1 3
201 34 4 3
202 32 4 2
203 30 4 3
204 32 4 2
205 31 4 3
206 33 4 3
207 38 4 2
208 36 5 2
209 35 4 4
210 35 4 4
211 33 3 4
212 32 3 4
213 34 4 3
214 35 4 5
215 33 4 4
216 35 3 5
217 34 3 5
218 34 3 5
219 30 3 5
220 32 4 5
221 37 3 4
222 32 3 5
223 36 3 4
224 37 4 4
225 33 3 4
226 34 3 3
227 35 4 4
228 38 3 5
229 37 3 4
230 35 3 5
231 40 3 4
232 37 4 3
233 39 3 4
234 38 4 5
235 37 4 4
236 37 2 3
237 37 3 5
238 39 3 3
239 37 2 2
240 37 2 3
241 38 2 4
242 39 2 4
243 40 4 4
244 40 4 5
245 38 3 5
246 36 3 3
247 37 4 5
248 37 4 5
249 38 3 5
250 37 3 5
251 38 3 5
252 37 3 5
253 37 3 5
254 32 2 4
255 35 2 5
256 32 2 5
257 39 2 4
258 37 2 5
259 39 2 5
260 35 3 5
261 39 2 5
262 39 3 5
263 38 3 5
264 38 2 5
265 39 2 5
266 39 2 5
267 40 2 5
268 39 3 5
269 40 2 5
270 43 2 5
271 41 2 5
272 37 2 4
273 39 3 4
274 36 2 4
275 39 2 5
276 44 2 5
277 41 2 3
278 46 1 3
279 47 3 3
280 45 3 5
281 44 4 5
282 44 3 5
283 40 4 5
284 42 3 5
285 42 3 5
286 43 4 5
287 40 4 5
288 40 4 5
289 43 3 4
290 48 4 5
291 45 3 5
292 42 4 4
293 34 4 5
294 40 3 4
295 43 4 4
296 44 3 5
297 45 4 5
298 42 4 5
299 45 4 5
300 44 4 5
301 46 3 5
302 45 4 5
303 42 3 5
304 44 5 5
305 45 5 5
306 46 5 5
307 46 5 5
308 41 3 5
309 44 5 5
310 46 5 4
311 42 5 4
312 42 5 5
313 42 4 5
314 44 4 5
315 42 3 5
316 45 5 5
317 46 4 5
318 42 2 5
319 45 4 5
320 44 4 5
321 46 4 5
322 46 4 5
323 46 5 5
324 44 4 5
325 47 4 5
326 48 4 5
327 45 5 5
328 45 4 5
329 44 4 5
330 44 4 5
331 44 4 4
332 44 4 5
333 42 4 5
334 44 3 4
335 44 4 5
336 43 3 5
337 42 3 5
338 42 4 5
339 45 4 4
340 41 4 4
341 47 4 5
342 46 4 5
343 44 3 5
344 44 5 5
345 45 4 5
346 42 4 4
347 45 4 5
348 44 5 5
349 45 3 5
350 46 2 5
351 42 6 5
352 45 5 4
353 44 5 5
354 41 4 5
355 44 5 5
356 45 4 5
357 47 4 5
358 47 4 5
359 45 6 5
360 44 5 5
361 49 5 5
362 47 6 5
363 41 6 5
364 37 4 5
365 45 4 5
366 46 4 5
367 48 4 4
368 47 5 5
369 45 5 5
370 43 7 6
371 46 8 5
372 47 8 5
373 46 7 5
374 48 9 6
375 48 8 6
376 48 8 4
377 44 8 4
378 46 8 4
379 44 7 6
380 45 8 6
381 48 8 5
382 47 8 5
383 49 9 5
384 48 7 4
385 48 7 6
386 47 8 5
387 45 9 5
388 47 8 5
389 43 8 6
390 48 7 5
391 45 7 5
392 48 7 5
393 43 7 5
394 47 6 6
395 46 8 6
396 47 7 6
397 49 8 5
398 46 7 6
399 48 8 6
400 43 9 6
