0 0 0 0
1 0 0 0
2 0 0 0
3 0 0 0
4 0 0 0
5 0 0 0
6 0 0 0
7 0 0 0
8 0 0 0
9 0 0 0
10 0 0 0
11 0 0 0
12 0 0 0
13 1 0 0
14 1 0 0
15 0 0 0
16 0 0 0
17 1 0 0
18 1 0 0
19 2 0 0
20 0 0 0
21 1 0 0
22 1 0 0
23 3 0 0
24 4 0 0
25 3 0 0
26 5 0 0
27 2 0 0
28 2 0 0
29 5 0 0
30 5 0 0
31 4 0 0
32 4 0 0
33 5 0 0
34 6 0 0
35 6 0 0
36 9 0 0
37 9 0 0
38 6 0 0
39 6 0 0
40 8 0 0
41 8 0 0
42 7 0 0
43 9 0 0
44 8 0 0
45 8 0 0
46 8 0 0
47 7 0 0
48 9 0 0
49 10 0 0
50 9 0 0
51 8 0 0
52 9 0 0
53 11 0 0
54 9 0 0
55 12 0 0
56 12 0 0
57 11 0 0
58 11 0 0
59 13 0 0
60 12 0 0
61 14 0 0
62 13 0 0
63 14 0 0
64 14 0 0
65 15 0 0
66 15 0 0
67 15 0 0
68 15 0 0
69 15 0 0
70 16 0 0
71 17 0 0
72 16 0 0
73 15 0 0
74 14 0 0
75 17 0 0
76 18 0 0
77 17 0 0
78 16 0 0
79 15 0 0
80 16 0 0
81 16 0 0
82 18 0 0
83 18 0 0
84 17 0 0
85 16 0 0
86 17 0 0
87 17 0 0
88 17 0 0
89 16 0 0
90 17 0 0
91 18 0 0
92 18 0 0
93 19 0 0
94 16 0 0
95 17 0 0
96 18 0 0
97 17 0 0
98 17 0 0
99 16 0 0
100 17 0 0
101 14 0 0
102 14 0 0
103 14 0 0
104 17 0 0
105 17 0 0
106 18 0 0
107 17 0 0
108 17 0 0
109 19 0 0
110 19 0 0
111 20 0 0
112 20 0 0
113 20 0 0
114 19 0 0
115 18 0 0
116 17 0 0
117 17 0 0
118 17 0 0
119 18 0 0
120 19 0 0
121 19 0 0
122 17 0 0
123 18 0 0
124 17 0 0
125 17 0 0
126 15 0 0
127 15 0 0
128 15 0 0
129 17 0 0
130 17 0 0
131 18 0 0
132 18 0 0
133 18 0 0
134 17 0 0
135 18 0 0
136 19 0 0
137 18 0 0
138 19 0 0
139 19 0 0
140 17 0 0
141 17 0 0
142 17 0 0
143 15 0 0
144 16 0 0
145 16 0 0
146 18 0 0
147 16 0 0
148 14 0 0
149 14 0 0
150 16 0 0
151 17 0 0
152 18 0 0
153 17 0 0
154 17 0 0
155 18 0 0
156 18 0 0
157 19 0 0
158 21 0 0
159 21 0 0
160 20 0 0
161 20 0 0
162 19 0 0
163 19 0 0
164 19 0 0
165 20 0 0
166 20 0 0
167 20 0 0
168 20 0 0
169 20 0 0
170 19 0 0
171 19 0 0
172 16 0 0
173 15 0 0
174 15 0 0
175 16 0 0
176 16 0 0
177 16 0 0
178 14 0 0
179 16 0 0
180 16 0 0
181 19 0 0
182 18 0 0
183 16 0 1
184 17 0 0
185 17 0 0
186 16 0 0
187 16 0 1
188 16 0 1
189 19 0 0
190 19 0 0
191 20 0 0
192 19 0 1
193 21 0 0
194 22 0 0
195 21 0 0
196 21 0 1
197 18 0 1
198 19 0 0
199 18 0 0
200 17 0 0
201 17 0 1
202 18 0 1
203 20 0 1
204 21 0 1
205 19 0 1
206 17 0 1
207 16 0 1
208 16 0 1
209 15 0 1
210 17 0 0
211 18 0 0
212 17 0 0
213 18 0 0
214 21 0 1
215 19 0 1
216 17 0 0
217 21 0 0
218 17 0 1
219 20 0 1
220 20 0 0
221 16 0 0
222 12 0 0
223 14 0 1
224 15 0 1
225 17 0 1
226 16 0 0
227 16 0 1
228 17 0 1
229 17 0 1
230 19 0 1
231 20 0 0
232 19 0 0
233 18 0 0
234 19 0 0
235 19 0 1
236 20 0 0
237 20 0 1
238 19 0 1
239 19 0 1
240 20 0 1
241 23 0 0
242 22 0 1
243 19 0 2
244 20 0 1
245 20 0 0
246 20 0 1
247 20 0 1
248 16 0 1
249 16 0 0
250 18 0 0
251 18 0 0
252 19 0 1
253 19 0 2
254 18 0 2
255 17 0 1
256 17 0 1
257 16 0 2
258 19 0 2
259 20 0 1
260 19 0 1
261 20 0 1
262 20 0 1
263 19 0 2
264 21 0 2
265 21 0 1
266 20 0 1
267 21 0 1
268 20 0 2
269 19 0 2
270 19 0 1
271 17 0 1
272 16 0 2
273 15 0 2
274 16 0 1
275 16 0 1
276 16 0 1
277 18 0 1
278 14 0 1
279 15 0 1
280 18 0 1
281 20 0 1
282 21 0 0
283 19 0 2
284 18 0 2
285 18 0 0
286 18 0 0
287 20 0 1
288 19 0 1
289 21 0 2
290 22 0 1
291 20 0 1
292 18 0 2
293 20 0 1
294 20 0 1
295 20 0 0
296 21 0 2
297 19 0 2
298 17 0 1
299 19 0 1
300 20 0 2
301 20 0 2
302 21 0 1
303 20 0 2
304 23 0 2
305 21 0 1
306 23 0 2
307 22 0 1
308 20 0 1
309 19 0 1
310 21 0 0
311 22 0 2
312 21 0 2
313 22 0 2
314 22 0 2
315 22 0 2
316 24 0 1
317 25 0 0
318 22 0 1
319 23 1 1
320 22 0 2
321 22 1 1
322 22 0 1
323 22 1 0
324 23 0 1
325 25 1 2
326 23 0 0
327 22 1 0
328 22 1 2
329 20 0 2
330 22 1 1
331 23 0 2
332 22 1 2
333 22 1 1
334 21 0 2
335 23 1 1
336 26 1 1
337 26 1 2
338 26 1 2
339 26 1 1
340 26 1 2
341 25 1 2
342 24 1 1
343 26 1 2
344 24 1 2
345 26 0 2
346 26 1 2
347 22 0 2
348 24 1 2
349 23 1 2
350 24 1 2
351 22 1 2
352 21 1 2
353 22 1 2
354 23 1 2
355 21 1 2
356 21 1 2
357 20 1 2
358 21 1 2
359 23 1 2
360 22 1 2
361 21 1 2
362 23 1 2
363 23 1 2
364 21 1 2
365 23 1 2
366 24 1 2
367 23 0 2
368 22 1 2
369 24 0 2
370 24 1 2
371 26 0 2
372 26 1 2
373 23 1 2
374 24 1 2
375 23 1 2
376 23 1 2
377 23 1 2
378 24 1 2
379 24 1 2
380 24 1 2
381 22 1 2
382 24 1 2
383 26 1 2
384 23 1 2
385 23 1 2
386 23 1 2
387 26 1 2
388 27 1 2
389 26 1 2
390 26 1 2
391 25 1 2
392 26 1 1
393 29 1 2
394 30 1 2
395 26 1 2
396 26 1 2
397 26 1 2
398 25 1 2
399 25 1 2
400 27 1 2
