0 0 0 0
1 0 0 0
2 0 0 0
3 0 0 0
4 0 0 0
5 0 0 0
6 0 0 0
7 0 0 0
8 0 0 0
9 2 0 0
10 2 0 0
11 2 0 0
12 3 0 0
13 2 0 0
14 3 0 0
15 2 0 0
16 2 0 0
17 2 0 0
18 2 0 0
19 4 0 0
20 5 0 0
21 6 0 0
22 6 1 0
23 9 0 0
24 7 0 0
25 7 0 0
26 9 0 0
27 11 0 0
28 8 1 0
29 8 1 0
30 9 1 0
31 9 0 0
32 14 0 0
33 13 1 0
34 13 1 0
35 11 0 0
36 11 0 0
37 14 1 0
38 16 1 0
39 15 1 0
40 14 1 0
41 18 1 0
42 19 1 0
43 19 0 0
44 19 1 0
45 18 1 0
46 19 1 0
47 17 1 0
48 19 1 0
49 20 1 0
50 18 1 0
51 17 1 0
52 22 1 0
53 24 1 0
54 26 0 0
55 23 1 0
56 22 1 0
57 23 0 0
58 22 1 0
59 21 0 0
60 21 1 0
61 23 1 0
62 25 1 0
63 24 1 0
64 23 1 0
65 25 0 0
66 24 1 0
67 22 1 0
68 23 1 0
69 25 1 0
70 24 1 0
71 23 1 0
72 24 1 0
73 23 1 0
74 25 0 0
75 26 1 0
76 24 1 0
77 26 1 0
78 25 0 0
79 26 2 0
80 27 2 0
81 27 1 0
82 23 0 0
83 24 0 0
84 27 1 0
85 26 0 0
86 24 1 0
87 27 1 0
88 27 1 0
89 25 1 0
90 25 0 0
91 28 0 0
92 27 0 0
93 21 1 0
94 25 1 0
95 24 0 0
96 25 1 0
97 24 1 0
98 21 2 0
99 24 2 0
100 23 0 0
101 25 0 0
102 22 1 0
103 24 2 0
104 24 1 0
105 26 1 0
106 25 2 0
107 25 1 0
108 28 1 0
109 27 2 0
110 25 1 0
111 24 0 0
112 24 2 0
113 24 2 0
114 23 1 0
115 22 2 0
116 21 2 0
117 23 2 0
118 25 2 0
119 27 2 1
120 28 2 1
121 27 2 0
122 26 2 1
123 25 2 1
124 26 2 2
125 26 0 0
126 28 2 1
127 27 2 1
128 24 1 2
129 24 2 2
130 23 1 2
131 24 2 2
132 22 1 2
133 23 2 2
134 28 2 2
135 27 1 1
136 26 1 2
137 29 1 2
138 29 2 2
139 28 0 2
140 24 1 1
141 24 2 2
142 21 1 2
143 22 2 1
144 21 1 2
145 22 1 2
146 24 1 2
147 25 1 2
148 25 1 2
149 26 0 2
150 29 1 2
151 29 2 2
152 29 2 2
153 25 1 2
154 26 2 1
155 23 1 2
156 21 3 2
157 27 2 2
158 27 0 2
159 25 1 2
160 26 1 2
161 26 2 2
162 24 1 2
163 25 0 2
164 26 3 2
165 26 1 2
166 26 2 2
167 26 3 2
168 26 0 2
169 27 2 2
170 24 1 2
171 23 2 2
172 24 1 2
173 26 2 2
174 25 2 2
175 26 1 2
176 24 2 1
177 25 2 2
178 27 1 1
179 28 2 2
180 29 1 2
181 32 2 2
182 31 2 2
183 26 2 2
184 26 2 2
185 25 2 2
186 24 2 1
187 25 2 1
188 25 2 2
189 23 3 1
190 26 2 2
191 29 2 2
192 28 2 1
193 26 2 1
194 26 3 0
195 26 2 2
196 28 3 1
197 30 2 1
198 29 3 1
199 29 2 2
200 28 3 0
201 27 2 1
202 27 3 1
203 26 3 2
204 25 2 2
205 27 2 2
206 28 2 2
207 32 3 2
208 30 2 2
209 28 2 2
210 28 3 2
211 30 3 2
212 29 2 2
213 31 2 2
214 27 2 2
215 29 2 2
216 29 3 2
217 31 2 2
218 30 3 2
219 32 2 2
220 32 2 3
221 32 2 3
222 32 1 3
223 33 3 2
224 32 2 2
225 31 1 3
226 29 2 3
227 32 2 2
228 28 2 3
229 29 3 3
230 28 1 3
231 32 3 3
232 30 2 3
233 32 2 3
234 28 3 3
235 28 1 3
236 28 3 3
237 30 2 3
238 31 3 3
239 30 2 3
240 31 3 3
241 30 3 3
242 30 2 3
243 31 2 3
244 31 2 3
245 31 2 3
246 33 1 3
247 33 3 3
248 32 2 2
249 33 2 3
250 33 3 3
251 36 3 3
252 36 3 3
253 34 2 3
254 35 3 3
255 35 2 3
256 35 3 3
257 32 3 3
258 31 1 3
259 33 3 3
260 33 1 3
261 33 3 3
262 34 2 3
263 35 1 3
264 34 3 3
265 32 2 3
266 33 3 3
267 37 2 3
268 36 3 3
269 35 3 3
270 35 3 3
271 36 2 3
272 34 2 3
273 36 3 3
274 33 1 3
275 29 3 3
276 30 3 3
277 31 3 3
278 32 1 3
279 34 3 3
280 33 3 3
281 34 3 3
282 34 2 3
283 35 3 3
284 35 2 3
285 36 3 3
286 39 1 1
287 37 4 3
288 35 2 3
289 32 2 3
290 32 2 2
291 34 4 2
292 34 3 2
293 32 1 3
294 35 4 0
295 34 1 2
296 35 3 2
297 35 3 2
298 33 5 2
299 34 3 1
300 34 3 3
301 34 5 3
302 35 4 1
303 34 4 1
304 32 4 2
305 36 4 2
306 32 4 1
307 31 3 2
308 33 4 3
309 36 4 3
310 35 4 3
311 32 6 3
312 33 5 2
313 34 5 1
314 33 5 3
315 32 4 3
316 32 4 2
317 34 5 2
318 35 4 3
319 37 5 2
320 35 4 1
321 37 6 4
322 31 5 4
323 33 4 4
324 34 5 3
325 34 4 4
326 35 3 3
327 37 5 3
328 36 4 2
329 36 4 3
330 33 5 3
331 33 4 4
332 34 5 4
333 33 4 4
334 35 4 4
335 34 5 2
336 36 5 4
337 36 6 4
338 34 6 4
339 34 6 3
340 35 6 3
341 36 6 3
342 35 6 4
343 34 6 4
344 31 6 4
345 32 6 3
346 34 5 4
347 34 6 3
348 31 6 4
349 31 6 4
350 35 5 4
351 34 5 3
352 38 5 4
353 38 5 3
354 37 6 3
355 36 7 4
356 36 6 4
357 36 6 3
358 37 7 3
359 37 7 3
360 36 7 4
361 38 8 4
362 40 8 4
363 40 7 3
364 37 8 2
365 37 8 4
366 38 8 4
367 37 8 4
368 40 9 4
369 39 8 2
370 37 9 4
371 36 6 4
372 36 8 4
373 36 6 4
374 38 8 4
375 39 6 4
376 40 8 4
377 43 5 4
378 44 5 4
379 43 7 4
380 42 8 4
381 42 6 4
382 39 7 4
383 36 8 2
384 37 8 4
385 38 8 4
386 39 6 4
387 40 7 4
388 38 7 3
389 38 8 4
390 36 6 4
391 36 7 4
392 35 6 4
393 35 7 4
394 40 7 4
395 38 6 4
396 38 6 4
397 41 7 3
398 41 4 4
399 44 7 4
400 45 6 4
