0 0 0 0
1 0 0 0
2 0 0 0
3 0 0 0
4 0 0 0
5 0 0 0
6 0 0 0
7 0 0 0
8 0 0 0
9 0 0 0
10 0 0 0
11 0 0 0
12 0 0 0
13 1 0 0
14 0 0 0
15 1 0 0
16 0 0 0
17 2 0 0
18 3 0 0
19 2 0 0
20 0 0 0
21 0 0 0
22 2 0 0
23 3 0 0
24 3 0 0
25 3 0 0
26 4 0 0
27 7 0 0
28 7 0 0
29 5 0 0
30 6 0 0
31 7 0 0
32 5 0 0
33 6 0 0
34 4 0 0
35 7 0 0
36 7 0 0
37 7 0 0
38 8 0 0
39 7 0 0
40 7 0 0
41 9 0 0
42 8 0 0
43 8 0 0
44 9 0 0
45 9 0 0
46 9 0 0
47 9 0 0
48 9 0 0
49 10 0 0
50 9 0 0
51 10 0 0
52 11 0 0
53 11 0 0
54 11 0 0
55 10 0 0
56 10 0 0
57 13 0 0
58 13 0 0
59 12 0 0
60 12 0 0
61 13 0 0
62 12 0 0
63 13 0 0
64 14 0 0
65 14 0 0
66 15 0 0
67 15 0 0
68 14 0 0
69 13 0 0
70 12 0 0
71 14 0 0
72 15 0 0
73 14 0 0
74 16 0 0
75 17 0 0
76 16 0 0
77 16 0 0
78 15 0 0
79 16 0 0
80 16 0 0
81 18 0 0
82 17 0 0
83 15 0 0
84 17 0 0
85 18 0 0
86 17 0 0
87 17 0 0
88 16 0 0
89 17 0 0
90 17 0 0
91 17 0 0
92 18 0 0
93 19 0 0
94 19 0 0
95 18 0 0
96 18 0 0
97 17 0 0
98 17 0 0
99 17 0 0
100 18 0 0
101 20 0 0
102 17 0 0
103 18 0 0
104 19 0 0
105 19 0 0
106 18 0 0
107 17 0 0
108 16 0 0
109 17 0 0
110 18 0 0
111 18 0 0
112 19 0 0
113 18 0 0
114 17 0 0
115 19 0 0
116 18 0 0
117 17 0 0
118 16 0 0
119 18 0 0
120 17 0 0
121 18 0 0
122 19 0 0
123 20 0 0
124 19 0 0
125 19 0 0
126 17 0 0
127 19 0 0
128 18 0 0
129 18 0 0
130 16 0 0
131 18 0 0
132 16 0 0
133 16 0 0
134 16 0 0
135 15 0 0
136 16 0 0
137 18 0 0
138 19 0 0
139 20 0 0
140 20 0 0
141 19 0 0
142 18 0 0
143 19 0 0
144 20 0 0
145 20 0 0
146 19 0 0
147 19 0 0
148 18 0 0
149 18 0 0
150 17 0 0
151 16 0 0
152 16 0 0
153 16 0 0
154 18 0 0
155 20 0 0
156 18 0 0
157 20 0 0
158 17 0 0
159 18 0 0
160 18 0 0
161 19 0 0
162 19 0 0
163 19 0 0
164 18 0 0
165 19 0 0
166 18 0 0
167 18 0 0
168 19 0 0
169 17 0 0
170 17 0 0
171 18 0 0
172 18 0 0
173 19 0 0
174 16 0 0
175 15 0 0
176 16 0 0
177 18 0 0
178 22 0 0
179 21 0 0
180 18 0 0
181 20 0 0
182 21 0 0
183 18 0 0
184 15 0 0
185 18 0 0
186 13 0 0
187 16 0 0
188 17 0 0
189 20 0 0
190 22 0 0
191 21 0 0
192 20 0 0
193 19 0 0
194 19 0 0
195 19 0 0
196 17 0 0
197 17 0 0
198 17 0 0
199 16 0 0
200 17 0 0
201 15 0 0
202 15 0 0
203 14 0 0
204 14 0 0
205 16 0 0
206 18 0 0
207 15 0 0
208 16 0 0
209 17 0 0
210 17 0 0
211 20 0 0
212 19 0 0
213 17 0 0
214 17 0 0
215 16 0 0
216 17 0 0
217 15 0 0
218 15 0 0
219 17 0 0
220 13 0 0
221 11 0 0
222 13 0 0
223 13 0 0
224 13 0 0
225 16 0 0
226 17 0 0
227 17 0 0
228 17 0 0
229 18 0 0
230 20 0 0
231 20 0 0
232 17 0 0
233 17 0 0
234 19 0 0
235 19 0 0
236 18 0 0
237 16 0 0
238 16 0 0
239 16 0 0
240 16 0 0
241 16 0 0
242 14 0 0
243 15 0 0
244 13 0 0
245 14 0 0
246 16 0 0
247 18 0 0
248 16 0 1
249 17 0 0
250 20 0 0
251 19 0 0
252 20 0 0
253 18 0 1
254 17 0 1
255 17 0 0
256 21 0 0
257 21 0 1
258 20 0 0
259 19 0 0
260 16 0 0
261 25 0 0
262 26 0 0
263 22 0 0
264 21 0 1
265 22 0 0
266 24 0 0
267 24 0 0
268 24 0 1
269 24 0 1
270 23 0 0
271 24 0 0
272 23 0 0
273 22 0 1
274 23 0 1
275 22 0 0
276 23 0 0
277 22 0 0
278 21 0 1
279 21 0 0
280 21 0 0
281 25 0 0
282 25 0 0
283 24 0 0
284 25 0 0
285 23 0 1
286 23 0 1
287 23 0 0
288 24 0 0
289 24 0 1
290 24 0 1
291 21 0 1
292 19 0 0
293 19 0 0
294 21 0 0
295 23 0 0
296 19 0 0
297 20 0 1
298 20 0 1
299 24 0 1
300 23 0 1
301 26 0 1
302 26 0 1
303 23 0 1
304 24 0 1
305 25 0 1
306 23 0 1
307 24 0 0
308 27 0 1
309 26 0 1
310 28 0 0
311 28 0 1
312 27 0 0
313 27 0 1
314 25 0 1
315 25 0 1
316 24 0 1
317 26 0 0
318 22 0 1
319 21 0 1
320 21 0 1
321 24 0 1
322 24 0 1
323 25 0 1
324 25 0 1
325 23 0 1
326 22 0 1
327 23 0 1
328 25 0 1
329 26 0 1
330 26 0 1
331 25 0 1
332 24 0 1
333 25 0 1
334 25 0 1
335 24 0 1
336 25 0 1
337 27 1 1
338 25 0 1
339 26 1 1
340 24 0 1
341 25 1 1
342 26 1 1
343 25 1 1
344 23 1 1
345 25 1 1
346 27 1 1
347 26 1 1
348 23 1 1
349 23 1 1
350 22 1 1
351 23 1 1
352 23 1 1
353 24 1 1
354 22 1 1
355 27 1 1
356 28 0 1
357 25 0 1
358 27 1 1
359 26 0 1
360 25 1 1
361 24 1 1
362 24 1 1
363 21 1 1
364 22 1 1
365 23 1 1
366 24 1 1
367 27 0 1
368 28 1 1
369 27 0 1
370 27 0 1
371 28 0 1
372 27 1 1
373 27 1 1
374 28 1 1
375 28 1 0
376 29 1 0
377 30 1 0
378 30 1 0
379 29 1 1
380 29 1 1
381 30 1 1
382 30 1 1
383 25 1 1
384 27 1 1
385 25 1 1
386 25 1 1
387 25 1 1
388 24 1 1
389 22 1 1
390 24 1 1
391 25 1 1
392 25 1 1
393 25 1 1
394 24 1 1
395 25 1 1
396 24 1 1
397 25 1 1
398 24 1 1
399 26 1 1
400 22 1 1
