0 0 0 0
1 0 0 0
2 0 0 0
3 0 0 0
4 0 0 0
5 0 0 0
6 0 0 0
7 0 0 0
8 0 0 0
9 0 0 0
10 0 0 0
11 0 0 0
12 0 0 0
13 0 0 0
14 0 0 0
15 0 0 0
16 2 0 0
17 2 0 0
18 3 0 0
19 2 0 0
20 2 0 0
21 3 0 0
22 3 0 0
23 3 0 0
24 3 0 0
25 3 0 0
26 3 0 0
27 2 0 0
28 4 0 0
29 4 0 0
30 2 0 0
31 2 0 0
32 6 0 0
33 7 0 0
34 6 0 0
35 6 0 0
36 5 0 0
37 5 0 0
38 7 0 0
39 6 0 0
40 6 0 0
41 7 0 0
42 7 0 0
43 7 0 0
44 5 0 0
45 7 0 0
46 7 0 0
47 5 0 0
48 6 0 0
49 7 0 0
50 6 0 0
51 6 0 0
52 9 0 0
53 11 0 0
54 9 0 0
55 10 0 0
56 11 0 0
57 12 0 0
58 9 0 0
59 11 0 0
60 12 0 0
61 13 0 0
62 13 0 0
63 12 0 0
64 14 0 0
65 13 0 0
66 14 0 0
67 14 0 0
68 13 0 0
69 13 0 0
70 14 0 0
71 15 0 0
72 13 0 0
73 12 0 0
74 14 0 0
75 15 0 0
76 16 0 0
77 15 0 0
78 14 0 0
79 14 0 0
80 15 0 0
81 14 0 0
82 14 0 0
83 15 0 0
84 15 0 0
85 15 0 0
86 15 0 0
87 16 0 0
88 16 0 0
89 17 0 0
90 18 0 0
91 17 0 0
92 16 0 0
93 15 0 0
94 17 0 0
95 18 0 0
96 16 0 0
97 17 0 0
98 17 0 0
99 18 0 0
100 19 0 0
101 19 0 0
102 16 0 0
103 15 0 0
104 15 0 0
105 12 0 0
106 13 0 0
107 15 0 0
108 16 0 0
109 16 0 0
110 17 0 0
111 15 0 0
112 15 0 0
113 16 0 0
114 19 0 0
115 19 0 0
116 17 0 0
117 16 0 0
118 14 0 0
119 13 0 0
120 13 0 0
121 13 0 0
122 14 0 0
123 13 0 0
124 14 0 0
125 13 0 0
126 12 0 0
127 12 0 0
128 14 0 0
129 16 0 0
130 15 0 0
131 14 0 0
132 14 0 0
133 13 0 0
134 13 0 0
135 14 0 0
136 12 0 0
137 15 0 0
138 15 0 0
139 14 0 0
140 13 0 0
141 14 0 0
142 11 0 0
143 12 0 0
144 12 0 0
145 14 0 0
146 14 0 0
147 12 0 0
148 11 0 0
149 14 0 0
150 16 0 0
151 17 0 0
152 16 0 0
153 13 0 0
154 12 0 0
155 12 0 0
156 11 0 0
157 15 0 0
158 15 0 0
159 16 0 0
160 16 0 0
161 15 0 0
162 15 0 0
163 15 0 0
164 16 0 0
165 15 0 0
166 16 0 0
167 16 0 0
168 15 0 0
169 14 0 0
170 14 0 0
171 14 0 0
172 12 0 0
173 14 0 0
174 13 0 0
175 15 0 0
176 16 0 0
177 16 0 0
178 18 0 0
179 15 0 0
180 13 0 0
181 17 0 0
182 14 0 0
183 12 0 0
184 13 0 0
185 12 0 0
186 12 0 0
187 14 0 0
188 15 0 0
189 14 0 0
190 13 0 0
191 16 0 0
192 16 0 0
193 15 0 0
194 14 0 0
195 14 0 0
196 12 0 0
197 12 0 0
198 13 0 0
199 13 0 0
200 15 0 0
201 15 0 0
202 14 0 0
203 13 0 0
204 15 0 0
205 12 0 0
206 14 0 0
207 14 0 0
208 15 0 0
209 16 0 0
210 17 0 0
211 16 0 0
212 17 0 0
213 16 0 0
214 16 0 0
215 15 0 0
216 15 0 0
217 18 0 0
218 19 0 0
219 19 0 0
220 16 0 0
221 17 0 0
222 15 0 0
223 16 0 0
224 18 0 0
225 17 0 0
226 17 0 0
227 15 0 0
228 15 0 0
229 17 0 0
230 18 0 0
231 19 0 0
232 17 0 0
233 16 0 0
234 17 0 0
235 18 0 0
236 13 0 0
237 15 0 0
238 15 0 0
239 16 0 0
240 16 0 0
241 16 0 0
242 17 0 0
243 18 0 0
244 17 0 0
245 17 0 0
246 17 0 0
247 15 0 0
248 16 0 0
249 16 0 0
250 15 0 0
251 17 0 0
252 17 0 0
253 20 0 0
254 20 0 0
255 19 0 0
256 18 0 0
257 16 0 0
258 15 0 0
259 13 0 0
260 12 0 0
261 12 0 0
262 10 0 0
263 9 0 0
264 11 0 0
265 14 0 0
266 14 0 0
267 13 0 0
268 11 0 0
269 13 0 0
270 14 0 0
271 13 0 0
272 11 0 0
273 11 0 0
274 11 0 0
275 12 0 0
276 13 0 0
277 11 0 0
278 11 0 0
279 11 0 0
280 12 0 0
281 16 0 0
282 18 0 0
283 14 0 0
284 14 0 0
285 16 0 0
286 18 0 0
287 16 0 0
288 15 0 0
289 17 0 0
290 18 0 0
291 17 0 0
292 19 0 0
293 20 0 0
294 22 0 0
295 19 0 0
296 19 0 0
297 18 0 0
298 16 0 0
299 14 0 0
300 12 0 0
301 14 0 0
302 13 0 0
303 15 0 0
304 17 0 0
305 18 0 0
306 20 0 0
307 18 0 0
308 17 0 0
309 19 0 0
310 17 0 0
311 17 0 0
312 18 0 0
313 16 0 0
314 16 0 0
315 14 0 0
316 15 0 0
317 16 0 0
318 13 0 0
319 18 0 0
320 19 0 0
321 16 0 0
322 17 0 0
323 16 0 0
324 18 0 0
325 17 0 0
326 15 0 0
327 15 0 0
328 17 0 0
329 16 0 0
330 15 0 0
331 15 0 0
332 17 0 0
333 20 0 0
334 22 0 0
335 18 0 0
336 17 0 0
337 16 0 0
338 15 0 0
339 17 0 0
340 18 0 0
341 18 0 0
342 18 0 0
343 19 0 0
344 16 0 0
345 16 0 0
346 16 1 0
347 15 0 0
348 13 0 0
349 14 0 0
350 15 0 0
351 15 0 0
352 14 0 0
353 15 0 0
354 16 0 0
355 15 0 0
356 17 0 0
357 17 0 0
358 16 0 0
359 17 0 0
360 17 0 0
361 19 0 0
362 18 0 0
363 20 0 0
364 19 0 0
365 19 0 0
366 16 0 0
367 17 0 0
368 13 0 0
369 14 0 0
370 13 0 0
371 15 0 0
372 15 0 0
373 16 0 0
374 15 0 0
375 16 0 0
376 13 0 0
377 15 0 0
378 16 0 0
379 15 0 0
380 18 0 0
381 16 0 0
382 19 0 0
383 19 0 0
384 17 0 0
385 17 0 0
386 17 0 0
387 17 0 0
388 17 0 0
389 17 0 0
390 14 0 0
391 14 0 0
392 15 0 0
393 13 0 0
394 14 0 0
395 16 0 0
396 15 0 0
397 16 0 0
398 13 0 0
399 15 0 0
400 18 0 0
