0 0 0 0
1 0 0 0
2 0 0 0
3 0 0 0
4 0 0 0
5 0 0 0
6 0 0 0
7 0 0 0
8 1 0 0
9 1 0 0
10 1 0 0
11 2 0 0
12 2 0 0
13 2 0 0
14 1 0 0
15 1 0 0
16 1 0 0
17 1 0 0
18 1 0 0
19 3 0 1
20 4 0 1
21 4 0 0
22 4 0 1
23 4 0 0
24 4 0 1
25 4 0 0
26 4 0 0
27 2 0 1
28 3 0 1
29 5 0 0
30 6 0 1
31 5 0 1
32 5 0 1
33 6 0 1
34 9 0 1
35 8 0 1
36 8 0 1
37 8 0 1
38 10 0 2
39 9 0 2
40 10 0 1
41 9 0 2
42 11 0 2
43 14 0 3
44 15 0 2
45 10 0 2
46 12 0 2
47 13 0 1
48 14 0 3
49 14 0 2
50 13 0 3
51 16 0 2
52 15 0 1
53 14 0 2
54 15 0 3
55 19 0 2
56 18 0 2
57 15 0 2
58 15 0 3
59 17 0 3
60 17 0 3
61 18 0 3
62 16 0 3
63 18 0 3
64 18 0 3
65 16 0 2
66 17 0 2
67 18 0 3
68 19 0 2
69 16 0 3
70 16 0 3
71 17 0 2
72 17 0 2
73 17 0 2
74 18 0 3
75 18 0 3
76 19 0 2
77 20 0 2
78 18 0 3
79 19 0 3
80 17 0 1
81 20 0 2
82 19 0 3
83 20 0 3
84 19 0 3
85 20 0 2
86 19 0 2
87 20 0 3
88 17 0 3
89 19 0 3
90 19 0 2
91 19 0 2
92 19 0 3
93 20 0 3
94 21 0 3
95 19 0 2
96 20 0 1
97 19 0 2
98 19 0 2
99 20 0 3
100 20 0 3
101 17 0 3
102 16 0 1
103 16 0 3
104 16 0 3
105 13 0 2
106 15 0 3
107 16 0 3
108 16 0 3
109 17 0 3
110 17 0 3
111 17 0 2
112 16 0 1
113 17 0 2
114 17 0 3
115 16 0 3
116 15 0 1
117 15 0 3
118 17 0 3
119 18 0 2
120 19 0 3
121 19 0 3
122 19 0 2
123 19 0 2
124 20 0 2
125 18 0 3
126 18 0 2
127 19 0 2
128 16 0 2
129 16 0 3
130 17 0 3
131 19 0 3
132 19 0 4
133 18 0 4
134 16 0 4
135 16 0 4
136 15 0 4
137 18 0 4
138 17 0 2
139 19 0 4
140 19 0 4
141 17 0 2
142 17 0 2
143 17 0 3
144 17 0 3
145 19 0 3
146 19 0 2
147 17 0 3
148 17 0 3
149 13 0 4
150 15 0 3
151 14 0 3
152 14 0 3
153 16 0 4
154 17 0 3
155 19 0 2
156 18 0 4
157 18 0 3
158 19 0 3
159 17 0 2
160 16 0 3
161 16 0 3
162 17 0 3
163 18 0 3
164 19 0 3
165 19 0 2
166 19 0 2
167 17 0 2
168 16 0 2
169 18 0 3
170 16 0 4
171 17 0 3
172 19 0 3
173 19 0 4
174 20 0 4
175 21 0 4
176 19 0 3
177 20 0 4
178 17 0 3
179 19 0 3
180 20 0 4
181 21 0 2
182 18 0 5
183 16 0 5
184 17 0 4
185 18 0 3
186 18 0 3
187 18 0 3
188 18 0 4
189 16 0 3
190 16 0 6
191 18 0 6
192 18 0 4
193 20 0 3
194 22 0 4
195 21 0 4
196 21 0 3
197 20 0 3
198 17 0 4
199 16 0 5
200 15 0 4
201 17 0 4
202 19 0 4
203 20 0 4
204 19 0 4
205 19 0 5
206 17 0 6
207 18 0 6
208 15 0 5
209 16 0 5
210 16 0 5
211 16 0 5
212 14 0 5
213 15 0 6
214 17 0 6
215 17 0 5
216 17 0 4
217 16 0 6
218 18 0 6
219 21 0 5
220 23 0 6
221 24 0 6
222 21 0 4
223 21 0 4
224 19 0 3
225 19 0 3
226 23 0 2
227 22 0 4
228 24 0 3
229 23 0 3
230 21 0 4
231 20 0 3
232 21 0 5
233 22 0 5
234 21 0 3
235 23 0 6
236 23 0 3
237 22 0 4
238 21 0 5
239 21 0 4
240 20 0 2
241 18 0 5
242 20 0 5
243 21 0 3
244 18 0 3
245 18 0 7
246 19 0 5
247 21 0 4
248 25 0 6
249 18 0 6
250 18 0 7
251 18 0 3
252 19 0 5
253 19 0 5
254 19 0 5
255 19 0 4
256 19 0 8
257 17 0 7
258 18 0 7
259 19 0 7
260 20 0 8
261 21 0 8
262 23 0 8
263 21 0 7
264 21 0 7
265 18 0 8
266 18 0 7
267 21 0 5
268 20 0 7
269 20 0 8
270 20 0 7
271 21 0 6
272 24 0 7
273 21 0 7
274 21 0 6
275 22 0 6
276 21 0 8
277 19 0 7
278 17 0 8
279 19 0 7
280 20 0 7
281 23 0 8
282 27 0 8
283 26 0 7
284 25 0 7
285 25 0 6
286 27 0 7
287 26 0 7
288 27 0 7
289 28 0 8
290 28 0 8
291 29 0 8
292 27 0 7
293 26 0 7
294 27 0 8
295 27 0 8
296 28 0 6
297 29 0 6
298 28 0 8
299 26 0 8
300 25 0 5
301 27 0 7
302 27 0 7
303 26 0 8
304 24 0 7
305 27 0 8
306 30 0 9
307 30 0 9
308 31 0 8
309 31 0 9
310 28 0 9
311 27 0 8
312 27 0 9
313 29 0 9
314 29 0 9
315 30 0 8
316 31 0 9
317 27 0 7
318 28 0 9
319 27 0 9
320 30 0 9
321 29 0 9
322 28 0 8
323 27 0 8
324 28 0 7
325 27 0 9
326 32 0 9
327 31 0 9
328 32 0 9
329 29 0 9
330 27 0 9
331 28 0 5
332 28 0 6
333 25 0 9
334 25 0 8
335 26 0 8
336 24 0 8
337 29 0 7
338 31 0 7
339 30 0 9
340 32 0 7
341 29 0 8
342 30 0 8
343 26 0 9
344 27 0 9
345 24 0 9
346 30 0 7
347 30 0 5
348 28 0 9
349 25 0 7
350 26 0 8
351 28 0 8
352 28 0 7
353 30 0 7
354 29 0 7
355 31 0 6
356 26 0 8
357 28 0 10
358 28 0 10
359 25 0 9
360 27 0 8
361 32 0 9
362 32 0 10
363 32 0 9
364 31 0 9
365 32 0 9
366 31 0 10
367 30 0 10
368 32 0 10
369 27 0 10
370 25 0 10
371 28 0 9
372 28 0 9
373 30 0 9
374 32 0 8
375 31 0 10
376 33 0 8
377 33 0 8
378 34 0 10
379 29 0 8
380 32 0 9
381 32 0 10
382 32 0 10
383 33 0 8
384 34 0 10
385 33 0 10
386 31 0 10
387 29 0 10
388 30 0 10
389 29 0 8
390 33 0 8
391 35 0 10
392 32 0 10
393 34 0 8
394 29 0 8
395 31 0 9
396 30 0 10
397 29 0 8
398 29 0 10
399 30 0 8
400 31 0 9
