0 0 0 0
1 0 0 0
2 0 0 0
3 0 0 0
4 0 0 0
5 0 0 0
6 0 0 0
7 0 0 0
8 0 0 0
9 0 0 0
10 0 0 0
11 0 0 0
12 0 0 0
13 0 0 0
14 0 0 0
15 1 0 0
16 2 0 0
17 2 0 0
18 2 0 0
19 3 0 0
20 4 0 0
21 4 0 0
22 5 0 0
23 6 0 0
24 6 0 0
25 6 0 0
26 4 0 0
27 6 0 0
28 7 0 0
29 7 0 0
30 9 0 0
31 8 0 0
32 9 0 0
33 8 0 0
34 10 0 0
35 10 0 0
36 10 0 0
37 9 0 0
38 11 0 0
39 10 0 0
40 9 0 0
41 10 0 0
42 12 0 0
43 12 0 0
44 12 0 0
45 12 0 0
46 12 0 0
47 13 0 0
48 11 0 0
49 13 0 0
50 13 0 0
51 14 0 0
52 14 0 0
53 14 0 0
54 13 0 0
55 15 0 0
56 14 0 0
57 13 0 0
58 15 0 0
59 17 0 0
60 17 0 0
61 16 0 0
62 18 0 0
63 19 0 0
64 19 0 0
65 18 0 0
66 17 0 0
67 18 0 0
68 20 0 0
69 18 0 0
70 17 0 0
71 18 0 0
72 18 0 0
73 19 0 0
74 20 0 0
75 18 0 0
76 19 0 0
77 20 0 0
78 19 0 0
79 19 0 0
80 19 0 0
81 21 0 0
82 20 0 0
83 20 0 0
84 18 0 0
85 18 0 0
86 20 0 0
87 21 0 0
88 21 0 0
89 20 0 0
90 19 0 0
91 19 0 0
92 20 0 0
93 20 0 0
94 19 0 0
95 20 0 0
96 21 0 0
97 20 0 0
98 20 0 0
99 21 0 0
100 20 0 0
101 18 0 0
102 17 0 0
103 17 0 0
104 18 0 0
105 19 0 0
106 19 0 0
107 17 0 0
108 16 0 0
109 16 0 0
110 15 0 0
111 16 0 0
112 16 0 0
113 17 0 0
114 18 0 0
115 19 0 0
116 19 0 0
117 18 0 0
118 19 0 0
119 17 0 0
120 19 0 0
121 19 0 0
122 20 0 0
123 19 0 0
124 18 0 0
125 18 0 0
126 19 0 0
127 17 0 0
128 16 0 0
129 18 0 0
130 16 0 0
131 17 0 0
132 19 0 0
133 17 0 0
134 15 0 0
135 15 0 0
136 17 0 0
137 18 0 0
138 19 0 0
139 19 0 0
140 19 0 0
141 22 0 0
142 22 0 0
143 22 0 0
144 22 0 0
145 22 0 0
146 18 0 0
147 19 0 0
148 20 0 0
149 19 0 0
150 19 0 0
151 20 0 0
152 18 0 0
153 19 0 0
154 19 0 0
155 20 0 0
156 20 0 0
157 19 0 0
158 20 0 0
159 21 0 0
160 21 0 1
161 21 0 0
162 19 0 0
163 20 0 0
164 18 0 1
165 18 0 0
166 17 0 1
167 16 0 1
168 15 0 0
169 18 0 1
170 17 0 1
171 17 0 0
172 19 0 1
173 18 0 0
174 18 0 1
175 17 0 1
176 18 0 0
177 20 0 1
178 20 0 1
179 21 0 1
180 21 0 1
181 20 0 1
182 20 1 1
183 20 1 1
184 16 1 1
185 16 1 1
186 20 1 0
187 19 1 1
188 20 1 1
189 20 1 1
190 20 1 1
191 17 0 1
192 19 1 1
193 17 1 1
194 17 1 1
195 18 1 1
196 15 1 1
197 18 1 1
198 18 1 1
199 19 0 1
200 19 0 1
201 18 1 1
202 18 1 1
203 19 0 1
204 17 1 1
205 17 0 1
206 18 0 1
207 20 0 1
208 19 1 1
209 19 0 1
210 18 0 1
211 18 0 1
212 17 0 1
213 20 0 1
214 20 0 1
215 20 0 0
216 19 0 1
217 18 0 1
218 16 0 1
219 19 0 1
220 18 0 1
221 20 1 1
222 20 0 1
223 20 0 1
224 20 1 1
225 20 0 1
226 20 0 1
227 20 0 1
228 21 1 1
229 20 0 1
230 21 0 1
231 23 0 1
232 20 1 1
233 21 0 1
234 21 1 1
235 21 1 1
236 21 1 1
237 21 0 1
238 20 1 1
239 19 0 1
240 20 1 1
241 20 0 1
242 19 0 1
243 19 1 1
244 20 0 1
245 19 0 1
246 21 0 1
247 22 0 1
248 20 1 1
249 19 0 1
250 19 1 1
251 18 1 1
252 17 1 1
253 17 1 1
254 17 1 1
255 18 1 1
256 17 1 1
257 20 1 1
258 22 1 1
259 22 1 1
260 24 1 1
261 23 1 1
262 23 0 1
263 23 0 1
264 23 0 1
265 23 0 1
266 23 0 1
267 24 0 1
268 24 0 1
269 24 1 1
270 24 0 1
271 21 1 1
272 22 0 1
273 22 1 1
274 21 0 1
275 20 1 1
276 19 0 1
277 21 1 1
278 21 1 1
279 23 1 1
280 22 1 1
281 22 0 1
282 23 1 1
283 24 0 1
284 22 0 1
285 24 0 1
286 25 0 1
287 25 0 1
288 25 0 1
289 23 0 1
290 24 0 1
291 21 0 2
292 18 0 2
293 21 0 2
294 22 0 2
295 24 0 1
296 23 0 2
297 21 0 2
298 23 0 2
299 25 0 2
300 23 0 2
301 23 0 2
302 25 0 2
303 25 0 2
304 24 0 2
305 18 0 2
306 22 0 2
307 24 0 2
308 26 0 2
309 26 0 2
310 28 1 2
311 29 0 2
312 30 0 2
313 30 0 2
314 30 0 2
315 26 0 2
316 24 0 2
317 24 0 2
318 30 0 2
319 30 0 2
320 28 0 2
321 29 0 2
322 26 0 2
323 29 0 2
324 25 0 2
325 22 0 2
326 24 0 2
327 22 0 2
328 24 0 2
329 24 0 1
330 25 0 1
331 27 0 2
332 26 0 2
333 26 0 2
334 24 0 2
335 23 0 2
336 24 0 1
337 22 0 2
338 23 1 2
339 22 0 2
340 24 0 2
341 26 1 2
342 27 0 2
343 27 1 2
344 29 0 1
345 28 1 2
346 25 1 2
347 26 1 2
348 27 1 2
349 24 1 1
350 25 1 2
351 25 0 1
352 24 0 1
353 23 0 2
354 22 0 1
355 23 1 2
356 25 1 2
357 25 0 2
358 26 1 1
359 27 0 1
360 27 1 2
361 26 0 1
362 26 1 1
363 25 1 2
364 24 0 2
365 22 0 2
366 26 0 2
367 28 0 2
368 28 1 2
369 29 0 2
370 24 1 2
371 26 1 2
372 28 1 2
373 27 1 2
374 26 1 1
375 24 1 1
376 24 1 1
377 26 2 1
378 28 2 1
379 28 2 1
380 28 3 1
381 30 3 2
382 29 1 1
383 26 3 1
384 26 1 2
385 27 2 2
386 27 3 1
387 29 2 1
388 28 3 2
389 28 2 2
390 30 3 1
391 25 2 2
392 25 3 2
393 25 4 1
394 28 3 2
395 24 3 1
396 27 3 1
397 27 3 1
398 27 4 2
399 28 3 2
400 25 4 1
