0 0 0 0
1 0 0 0
2 0 0 0
3 0 0 0
4 0 0 0
5 0 0 0
6 0 0 0
7 0 0 0
8 1 0 0
9 1 0 0
10 1 0 0
11 2 0 0
12 2 0 0
13 2 0 0
14 1 0 0
15 2 0 0
16 2 0 0
17 2 0 0
18 1 0 0
19 3 0 0
20 4 0 0
21 4 0 0
22 5 0 0
23 6 0 0
24 4 0 0
25 6 0 0
26 6 0 0
27 4 0 0
28 7 0 0
29 9 0 0
30 9 0 0
31 6 0 0
32 10 0 0
33 9 0 0
34 10 0 0
35 12 0 0
36 11 0 0
37 14 0 0
38 12 0 0
39 12 0 0
40 12 0 0
41 14 0 0
42 16 0 0
43 15 0 0
44 14 0 0
45 15 0 0
46 13 0 0
47 15 0 0
48 18 0 0
49 18 0 0
50 18 0 0
51 15 0 0
52 19 0 0
53 21 0 0
54 18 0 0
55 15 0 0
56 16 0 0
57 19 0 0
58 20 0 0
59 17 0 0
60 18 0 0
61 20 0 0
62 19 0 0
63 20 0 0
64 20 0 0
65 20 0 0
66 22 0 0
67 21 0 0
68 20 0 0
69 20 0 0
70 19 0 0
71 19 0 0
72 18 0 0
73 19 0 0
74 20 0 0
75 22 0 0
76 19 0 0
77 20 0 0
78 20 0 0
79 21 0 0
80 21 0 0
81 23 0 0
82 22 0 0
83 21 0 0
84 24 0 0
85 22 0 0
86 25 0 0
87 25 0 0
88 25 0 0
89 23 0 0
90 22 0 0
91 24 0 0
92 23 0 0
93 23 0 0
94 23 0 0
95 23 0 0
96 24 0 0
97 23 0 0
98 23 0 0
99 23 0 0
100 22 0 0
101 23 0 0
102 23 0 0
103 23 0 0
104 23 0 0
105 23 0 0
106 24 0 0
107 24 0 0
108 22 0 0
109 21 0 0
110 23 0 0
111 22 0 0
112 21 0 0
113 21 0 0
114 22 0 0
115 22 0 0
116 22 0 0
117 23 0 0
118 23 0 0
119 22 0 0
120 22 0 0
121 23 0 0
122 22 0 0
123 20 0 0
124 20 0 0
125 19 0 0
126 24 0 0
127 27 0 0
128 26 0 0
129 25 0 0
130 25 0 0
131 24 0 0
132 24 0 0
133 25 0 0
134 24 0 0
135 24 0 0
136 24 0 0
137 25 0 0
138 25 0 0
139 24 0 0
140 24 0 0
141 25 0 0
142 25 0 0
143 26 0 0
144 26 1 0
145 25 0 0
146 24 0 0
147 24 0 0
148 24 0 0
149 24 0 0
150 23 0 0
151 23 0 0
152 20 0 0
153 22 0 0
154 22 0 0
155 20 0 0
156 21 0 0
157 21 0 0
158 20 0 0
159 22 0 0
160 23 0 0
161 25 0 0
162 24 0 0
163 25 1 0
164 25 0 1
165 26 0 0
166 25 1 0
167 26 1 0
168 24 1 1
169 24 1 1
170 23 1 0
171 24 1 1
172 25 1 0
173 24 1 0
174 26 1 0
175 23 1 2
176 23 1 1
177 21 1 1
178 25 1 1
179 24 1 2
180 22 1 1
181 25 1 1
182 23 1 2
183 26 1 1
184 25 1 2
185 26 1 2
186 27 1 2
187 28 1 2
188 30 1 2
189 28 1 1
190 28 1 1
191 28 1 1
192 27 1 2
193 25 1 2
194 22 1 1
195 22 1 2
196 23 1 2
197 24 1 2
198 25 1 2
199 24 1 2
200 25 1 2
201 28 1 2
202 27 1 2
203 27 1 1
204 28 1 2
205 29 1 2
206 29 1 2
207 27 1 2
208 25 1 1
209 27 1 2
210 28 1 2
211 25 1 2
212 27 1 2
213 25 1 2
214 24 1 2
215 25 1 2
216 27 1 2
217 26 1 2
218 28 2 2
219 27 2 2
220 27 2 2
221 27 2 2
222 28 2 2
223 29 2 2
224 26 2 3
225 23 1 3
226 25 2 3
227 24 1 3
228 26 2 3
229 25 1 3
230 24 1 3
231 26 2 3
232 28 2 3
233 25 2 3
234 26 2 3
235 24 2 3
236 26 2 3
237 25 2 3
238 25 2 3
239 27 2 3
240 27 2 3
241 28 2 3
242 29 3 3
243 29 2 3
244 26 1 3
245 26 1 2
246 29 2 3
247 28 1 3
248 28 2 3
249 31 2 3
250 28 2 3
251 26 3 3
252 24 2 3
253 28 3 3
254 30 2 3
255 29 3 3
256 27 3 3
257 28 2 3
258 27 2 3
259 28 3 3
260 27 3 3
261 30 3 3
262 29 4 3
263 29 4 3
264 30 5 3
265 27 4 3
266 27 4 3
267 27 4 3
268 29 3 3
269 32 4 3
270 30 4 3
271 29 4 3
272 30 4 3
273 29 4 3
274 27 4 3
275 27 4 3
276 27 4 4
277 27 4 3
278 27 4 2
279 27 4 3
280 29 4 3
281 30 4 3
282 31 5 2
283 31 4 3
284 31 3 3
285 30 4 3
286 30 4 3
287 32 3 3
288 32 4 3
289 30 4 4
290 32 4 3
291 31 3 3
292 28 4 2
293 29 4 4
294 29 4 4
295 28 4 3
296 31 5 3
297 33 4 4
298 28 3 4
299 31 3 3
300 30 3 3
301 31 3 3
302 29 4 3
303 30 4 3
304 31 3 3
305 32 4 3
306 32 4 4
307 31 5 3
308 30 4 3
309 32 3 3
310 28 4 4
311 29 4 4
312 32 4 3
313 31 5 3
314 31 3 3
315 29 3 4
316 29 4 4
317 32 3 3
318 31 4 3
319 30 4 3
320 31 3 4
321 31 3 4
322 31 5 3
323 32 4 3
324 32 4 3
325 32 3 4
326 31 3 3
327 31 3 4
328 29 3 3
329 28 3 3
330 29 4 4
331 33 4 4
332 32 4 4
333 30 3 3
334 32 4 3
335 34 4 4
336 36 4 4
337 35 3 2
338 34 3 3
339 32 3 3
340 30 3 2
341 34 2 2
342 34 3 3
343 35 3 2
344 34 2 4
345 32 2 3
346 28 1 4
347 30 3 3
348 31 4 4
349 33 3 3
350 34 4 3
351 35 3 4
352 34 3 4
353 36 1 3
354 37 3 4
355 37 3 4
356 36 3 4
357 35 4 4
358 35 1 4
359 35 2 4
360 35 4 4
361 35 3 2
362 35 2 4
363 35 4 4
364 35 2 3
365 34 2 4
366 34 3 4
367 32 2 3
368 31 2 3
369 33 3 4
370 34 4 4
371 34 3 3
372 35 2 4
373 37 3 4
374 37 3 4
375 33 2 4
376 35 3 4
377 38 2 4
378 38 4 4
379 35 3 4
380 34 2 4
381 37 3 3
382 37 5 4
383 36 4 4
384 37 4 2
385 39 4 4
386 36 2 4
387 31 3 4
388 32 3 4
389 36 4 3
390 37 5 3
391 36 3 4
392 37 2 4
393 34 2 4
394 33 3 4
395 34 4 3
396 34 2 3
397 34 2 4
398 35 4 4
399 34 2 3
400 35 3 4
