0 0 0 0
1 0 0 0
2 0 0 0
3 0 0 0
4 0 0 0
5 0 0 0
6 0 0 0
7 0 0 0
8 0 0 0
9 0 0 0
10 0 0 0
11 0 0 0
12 0 0 0
13 0 0 0
14 1 0 0
15 0 0 0
16 0 0 0
17 0 0 0
18 0 0 0
19 0 0 0
20 1 0 0
21 1 0 0
22 1 0 0
23 1 0 0
24 2 0 0
25 1 0 0
26 2 0 0
27 4 0 0
28 3 0 0
29 3 0 0
30 2 0 0
31 2 0 0
32 3 0 0
33 5 0 0
34 5 0 0
35 6 0 0
36 5 0 0
37 6 0 0
38 5 0 0
39 4 0 0
40 5 0 0
41 7 0 0
42 7 0 0
43 7 0 0
44 7 0 0
45 7 0 0
46 8 0 0
47 8 0 0
48 10 0 0
49 8 0 0
50 8 0 0
51 9 0 0
52 9 0 0
53 9 0 0
54 10 0 0
55 9 0 0
56 9 0 0
57 9 0 0
58 10 0 0
59 11 0 0
60 10 0 0
61 14 0 0
62 14 0 0
63 16 0 0
64 12 0 0
65 13 0 0
66 15 0 0
67 15 0 0
68 15 0 0
69 14 0 0
70 13 0 0
71 13 0 0
72 17 0 0
73 16 0 0
74 15 0 0
75 15 0 0
76 15 0 0
77 16 0 0
78 15 0 0
79 13 0 0
80 17 0 0
81 17 0 0
82 17 0 0
83 17 0 0
84 17 0 0
85 18 0 0
86 16 0 0
87 15 0 0
88 17 0 0
89 17 0 0
90 14 0 0
91 16 0 0
92 17 0 0
93 18 0 0
94 18 0 0
95 17 0 0
96 16 0 0
97 14 0 0
98 16 0 0
99 17 0 0
100 14 0 0
101 15 0 0
102 15 0 0
103 12 0 0
104 12 0 0
105 13 0 0
106 14 0 0
107 16 0 0
108 16 0 0
109 14 0 0
110 14 0 0
111 14 0 0
112 15 0 0
113 15 0 0
114 16 0 0
115 16 0 0
116 16 0 0
117 17 0 0
118 15 0 0
119 16 0 0
120 15 0 0
121 16 0 0
122 12 0 0
123 11 0 0
124 13 0 0
125 14 0 0
126 13 0 0
127 11 0 0
128 9 0 0
129 13 0 0
130 13 0 0
131 12 0 0
132 13 0 0
133 13 0 0
134 12 0 0
135 14 0 0
136 13 0 0
137 13 0 0
138 15 0 0
139 16 0 0
140 14 0 0
141 13 0 0
142 13 0 0
143 13 0 0
144 13 0 0
145 14 0 0
146 12 0 0
147 13 0 0
148 13 0 0
149 13 0 0
150 13 0 0
151 12 0 0
152 12 0 0
153 12 0 0
154 15 0 0
155 16 0 0
156 17 0 0
157 16 0 0
158 14 0 0
159 12 0 0
160 15 0 0
161 16 0 0
162 13 0 0
163 13 0 0
164 13 0 0
165 15 0 0
166 14 0 0
167 15 0 0
168 17 0 0
169 15 0 0
170 12 0 0
171 14 0 0
172 12 0 0
173 11 0 0
174 10 0 0
175 13 0 0
176 15 0 0
177 15 0 0
178 16 0 0
179 16 0 0
180 16 0 0
181 13 0 0
182 13 0 0
183 12 0 0
184 12 0 0
185 13 0 0
186 14 0 0
187 15 0 0
188 17 0 0
189 15 0 0
190 16 0 0
191 18 0 0
192 16 0 0
193 13 0 0
194 15 0 0
195 12 0 0
196 12 0 0
197 14 0 0
198 14 0 0
199 15 0 0
200 14 0 0
201 15 0 0
202 16 0 0
203 17 0 0
204 15 0 0
205 18 0 0
206 15 0 0
207 14 0 0
208 16 0 0
209 16 0 0
210 14 0 0
211 13 0 0
212 15 0 0
213 15 0 0
214 17 0 0
215 19 0 0
216 17 0 0
217 18 0 0
218 16 0 0
219 15 0 0
220 16 0 0
221 17 0 0
222 17 0 0
223 19 0 0
224 17 0 0
225 17 0 0
226 17 0 0
227 19 0 0
228 20 0 0
229 19 0 0
230 20 0 0
231 19 0 0
232 17 0 0
233 15 0 0
234 16 0 0
235 17 0 0
236 15 0 0
237 16 0 0
238 18 0 0
239 16 0 0
240 18 0 0
241 18 0 0
242 19 0 0
243 16 0 0
244 17 0 0
245 17 0 0
246 17 0 0
247 15 0 0
248 18 0 0
249 15 0 0
250 12 0 0
251 13 0 0
252 14 0 0
253 14 0 0
254 13 0 0
255 15 0 0
256 15 0 0
257 16 0 0
258 14 0 0
259 16 0 0
260 14 0 0
261 13 0 0
262 15 0 0
263 12 0 0
264 13 0 0
265 18 0 0
266 16 0 0
267 15 0 0
268 15 0 0
269 16 0 0
270 17 0 0
271 18 0 0
272 17 0 0
273 16 0 0
274 16 0 0
275 18 0 0
276 15 0 0
277 15 0 0
278 14 0 0
279 15 0 0
280 16 0 0
281 18 0 0
282 19 0 0
283 18 0 0
284 17 0 0
285 14 0 0
286 13 0 0
287 12 0 0
288 16 0 0
289 16 0 0
290 18 0 0
291 18 0 0
292 18 0 0
293 16 0 0
294 16 0 0
295 16 0 0
296 13 0 0
297 14 0 0
298 14 0 0
299 16 0 0
300 16 0 0
301 15 0 0
302 13 0 0
303 14 0 0
304 13 0 0
305 12 0 0
306 13 0 0
307 16 0 0
308 17 0 0
309 15 0 0
310 14 0 0
311 13 0 0
312 14 0 0
313 13 0 0
314 16 0 0
315 17 0 0
316 15 0 0
317 14 0 0
318 12 0 0
319 14 0 0
320 14 0 0
321 14 0 0
322 14 0 0
323 14 0 0
324 17 0 0
325 18 0 0
326 17 0 0
327 16 0 0
328 17 0 0
329 16 0 0
330 16 0 0
331 18 0 0
332 16 0 0
333 16 0 0
334 16 0 0
335 15 0 0
336 17 0 0
337 17 0 0
338 15 0 0
339 14 0 0
340 14 0 0
341 15 0 0
342 14 0 0
343 14 0 0
344 14 0 0
345 16 0 0
346 14 0 0
347 15 0 0
348 17 0 0
349 15 0 0
350 17 0 0
351 15 0 0
352 16 0 0
353 15 0 0
354 16 0 0
355 16 0 0
356 18 0 0
357 19 0 0
358 19 0 0
359 19 0 0
360 19 0 0
361 15 0 0
362 19 0 0
363 17 0 0
364 16 0 0
365 15 0 0
366 12 0 0
367 12 0 0
368 14 0 0
369 16 0 0
370 13 0 0
371 12 0 0
372 15 0 0
373 15 0 0
374 15 0 0
375 16 0 0
376 19 0 0
377 18 0 0
378 17 0 0
379 17 0 0
380 17 0 0
381 17 0 0
382 15 0 0
383 15 0 0
384 13 0 0
385 14 0 0
386 12 0 0
387 14 0 0
388 13 0 0
389 12 0 0
390 13 0 0
391 14 0 0
392 15 0 0
393 16 0 0
394 18 0 0
395 17 0 0
396 16 0 0
397 17 0 0
398 19 0 0
399 19 0 0
400 18 0 0
