0 0 0 0
1 0 0 0
2 0 0 0
3 0 0 0
4 0 0 0
5 0 0 0
6 0 0 0
7 0 0 0
8 0 0 0
9 0 0 0
10 0 0 0
11 0 0 0
12 0 0 0
13 0 0 0
14 0 0 0
15 2 0 0
16 3 0 0
17 2 0 0
18 1 0 0
19 2 0 0
20 2 0 0
21 3 0 0
22 5 0 0
23 5 0 0
24 5 0 0
25 4 0 0
26 4 0 0
27 5 0 0
28 5 0 0
29 7 0 0
30 9 0 0
31 9 0 0
32 10 0 0
33 9 0 0
34 9 0 0
35 10 0 0
36 10 0 0
37 8 0 0
38 7 0 0
39 9 0 0
40 9 0 0
41 10 0 0
42 10 0 0
43 11 0 0
44 10 0 0
45 10 0 0
46 12 0 0
47 11 0 0
48 12 0 0
49 13 0 0
50 11 0 0
51 11 0 0
52 13 0 0
53 12 0 0
54 14 0 0
55 15 0 0
56 13 0 0
57 11 0 0
58 14 0 0
59 13 0 0
60 14 0 0
61 15 0 0
62 15 0 0
63 15 0 0
64 13 0 0
65 13 0 0
66 15 0 0
67 14 0 0
68 15 0 0
69 14 0 0
70 15 0 0
71 16 0 0
72 17 0 0
73 13 0 0
74 14 0 0
75 13 0 0
76 16 0 0
77 14 0 0
78 17 0 0
79 16 0 0
80 16 0 0
81 17 0 0
82 19 0 0
83 18 0 0
84 16 0 0
85 14 0 0
86 17 0 0
87 17 0 0
88 18 0 0
89 18 0 0
90 17 0 0
91 17 0 0
92 16 0 0
93 17 0 0
94 15 0 0
95 18 0 0
96 18 0 0
97 18 0 0
98 18 0 0
99 19 0 0
100 18 0 0
101 14 0 0
102 13 0 0
103 13 0 0
104 15 0 0
105 14 0 0
106 15 0 0
107 14 0 0
108 15 0 0
109 13 0 0
110 13 0 0
111 14 0 0
112 15 0 0
113 14 0 0
114 18 0 0
115 17 0 0
116 18 0 0
117 18 0 0
118 18 0 0
119 17 0 0
120 16 0 0
121 17 0 0
122 17 0 0
123 17 0 0
124 14 0 0
125 15 0 0
126 16 0 0
127 16 0 0
128 16 0 0
129 17 0 0
130 17 0 0
131 16 0 0
132 17 0 0
133 17 0 0
134 16 0 0
135 15 0 0
136 15 0 0
137 15 0 0
138 16 0 0
139 16 0 0
140 15 0 0
141 13 0 0
142 13 0 0
143 15 0 0
144 15 0 0
145 15 0 0
146 15 0 0
147 15 0 0
148 15 0 0
149 13 0 0
150 17 0 0
151 18 0 0
152 17 0 0
153 15 0 0
154 17 0 0
155 17 0 0
156 16 0 0
157 15 0 0
158 15 0 0
159 15 0 0
160 17 0 0
161 16 0 0
162 16 0 0
163 15 0 0
164 15 0 0
165 12 0 0
166 12 0 0
167 13 0 0
168 14 0 0
169 12 0 0
170 13 0 0
171 13 0 0
172 14 0 0
173 14 0 0
174 14 0 0
175 14 0 0
176 14 0 0
177 15 0 0
178 13 0 0
179 14 0 0
180 14 0 0
181 15 0 0
182 14 0 0
183 16 0 0
184 17 0 0
185 16 0 0
186 14 0 0
187 16 0 0
188 14 0 0
189 15 0 0
190 16 0 0
191 16 0 0
192 15 0 0
193 14 0 0
194 16 0 0
195 14 0 0
196 13 0 0
197 13 0 0
198 11 0 0
199 12 0 0
200 14 0 0
201 13 0 0
202 12 0 0
203 12 0 0
204 16 0 0
205 17 0 0
206 17 0 0
207 16 0 0
208 15 0 0
209 16 0 0
210 17 0 0
211 15 0 0
212 15 0 0
213 15 0 0
214 18 0 0
215 19 0 0
216 17 0 0
217 17 0 0
218 17 0 0
219 17 0 0
220 18 0 0
221 17 0 0
222 17 0 0
223 17 0 0
224 16 0 0
225 16 0 0
226 19 0 0
227 19 0 0
228 20 0 0
229 21 0 0
230 20 0 0
231 20 0 0
232 19 0 0
233 15 0 0
234 17 0 0
235 18 0 0
236 17 0 0
237 18 0 0
238 19 0 0
239 17 0 0
240 17 0 0
241 18 0 0
242 16 0 0
243 15 0 0
244 16 0 0
245 16 0 0
246 18 0 0
247 18 0 0
248 19 0 0
249 18 0 0
250 14 0 0
251 14 0 0
252 14 0 0
253 16 0 0
254 17 0 0
255 16 0 0
256 17 0 0
257 18 0 0
258 18 0 0
259 19 0 0
260 20 0 0
261 18 0 0
262 18 0 0
263 18 0 0
264 17 0 0
265 19 0 0
266 21 0 0
267 18 0 0
268 17 0 0
269 15 0 0
270 16 0 0
271 16 0 0
272 16 0 0
273 17 0 0
274 15 0 0
275 15 0 0
276 19 0 0
277 21 0 0
278 19 0 0
279 19 0 0
280 18 0 0
281 17 0 0
282 15 0 0
283 16 0 0
284 19 0 0
285 19 0 0
286 19 0 0
287 16 0 0
288 16 0 0
289 17 0 0
290 17 0 0
291 14 0 0
292 16 0 0
293 17 0 0
294 18 0 0
295 18 0 0
296 19 1 0
297 19 1 0
298 19 1 0
299 18 1 0
300 18 1 0
301 19 1 0
302 19 1 0
303 19 1 0
304 18 1 0
305 20 1 0
306 19 1 0
307 18 1 0
308 20 1 0
309 19 1 0
310 19 1 0
311 20 1 0
312 18 1 0
313 20 1 0
314 20 1 0
315 18 1 0
316 19 1 0
317 15 1 0
318 15 1 0
319 16 1 0
320 19 1 0
321 20 1 0
322 19 1 0
323 19 1 0
324 18 1 0
325 20 1 0
326 19 1 0
327 20 1 0
328 20 2 0
329 19 1 0
330 19 1 0
331 19 1 0
332 20 1 0
333 17 2 0
334 20 1 0
335 20 1 0
336 19 1 0
337 18 1 0
338 19 1 0
339 19 2 0
340 18 1 0
341 18 1 0
342 20 1 0
343 21 1 0
344 21 1 0
345 20 1 0
346 21 1 0
347 21 0 0
348 20 1 0
349 20 1 0
350 19 1 0
351 17 1 0
352 19 1 0
353 19 2 0
354 17 2 0
355 20 1 0
356 17 3 0
357 15 1 0
358 15 1 0
359 14 1 0
360 15 2 0
361 14 3 0
362 17 2 0
363 18 3 0
364 19 1 0
365 21 3 0
366 19 3 0
367 21 2 0
368 22 2 0
369 21 3 0
370 21 3 0
371 21 2 0
372 19 2 0
373 17 1 0
374 16 3 0
375 16 2 0
376 16 2 0
377 20 2 0
378 21 3 0
379 20 1 0
380 18 2 0
381 16 2 0
382 17 2 0
383 17 3 0
384 17 1 0
385 19 2 0
386 20 2 0
387 19 2 0
388 20 1 0
389 21 2 0
390 22 2 0
391 23 2 0
392 24 1 0
393 23 1 0
394 24 2 0
395 24 2 0
396 22 1 0
397 22 1 0
398 19 3 0
399 22 1 0
400 21 1 0
