0 0 0 0
1 0 0 0
2 0 0 0
3 0 0 0
4 0 0 0
5 0 0 0
6 0 0 0
7 0 0 0
8 0 0 0
9 0 0 0
10 0 0 0
11 0 0 0
12 0 0 0
13 0 0 0
14 0 0 0
15 0 0 0
16 1 0 0
17 2 0 0
18 3 0 0
19 1 0 0
20 2 0 0
21 3 0 0
22 5 0 0
23 4 0 0
24 5 0 0
25 4 0 0
26 4 0 0
27 5 0 0
28 3 0 0
29 5 0 0
30 6 0 0
31 7 0 0
32 5 0 0
33 3 0 0
34 5 0 0
35 6 0 0
36 8 0 0
37 6 0 0
38 5 0 0
39 6 0 0
40 8 0 0
41 9 0 0
42 11 0 0
43 10 0 0
44 9 0 0
45 11 0 0
46 9 0 0
47 10 0 0
48 9 0 0
49 10 0 0
50 15 0 0
51 11 0 0
52 9 0 0
53 13 0 0
54 12 0 0
55 11 0 0
56 13 0 0
57 14 0 0
58 14 0 0
59 14 0 0
60 12 0 0
61 14 0 0
62 16 0 0
63 16 0 0
64 17 0 0
65 13 0 0
66 14 0 0
67 13 0 0
68 15 0 0
69 14 0 0
70 16 0 0
71 13 0 0
72 15 0 0
73 16 0 0
74 16 0 0
75 17 0 0
76 19 0 0
77 18 0 0
78 18 0 0
79 17 0 0
80 16 0 0
81 14 0 0
82 15 0 0
83 17 0 0
84 17 0 0
85 17 0 0
86 18 0 0
87 16 0 0
88 17 0 0
89 19 0 0
90 19 0 0
91 18 0 0
92 17 0 0
93 17 0 0
94 19 0 0
95 19 0 0
96 18 0 0
97 17 0 0
98 19 0 0
99 18 0 0
100 18 0 0
101 17 0 0
102 13 0 0
103 14 0 0
104 13 0 0
105 16 0 0
106 16 0 0
107 16 0 0
108 16 0 0
109 17 0 0
110 18 0 0
111 17 0 0
112 18 0 0
113 17 0 0
114 16 0 0
115 14 0 0
116 13 0 0
117 14 0 0
118 15 0 0
119 16 0 0
120 15 0 0
121 16 0 0
122 17 0 0
123 18 0 0
124 18 0 0
125 16 0 0
126 17 0 0
127 17 0 0
128 15 0 0
129 15 0 0
130 12 0 0
131 12 0 0
132 12 0 0
133 12 0 0
134 13 0 0
135 13 0 0
136 14 0 0
137 13 0 0
138 14 0 0
139 15 0 0
140 13 0 0
141 16 0 0
142 17 0 0
143 15 0 0
144 15 0 0
145 14 1 0
146 15 0 0
147 18 0 0
148 17 0 0
149 15 0 0
150 14 0 0
151 15 0 0
152 13 0 0
153 15 0 0
154 16 0 0
155 16 0 0
156 16 0 0
157 18 0 0
158 19 0 0
159 18 0 0
160 20 0 0
161 20 0 0
162 18 0 0
163 16 0 0
164 13 0 0
165 15 1 0
166 13 0 0
167 15 1 0
168 15 0 0
169 17 0 0
170 17 0 0
171 18 1 0
172 17 1 0
173 17 1 0
174 16 1 0
175 16 1 0
176 17 1 0
177 17 1 0
178 17 1 0
179 17 1 0
180 17 1 0
181 17 1 0
182 15 1 0
183 14 1 0
184 16 1 0
185 17 1 0
186 16 1 0
187 15 1 0
188 17 1 0
189 20 1 0
190 18 1 0
191 18 1 0
192 18 1 0
193 18 1 0
194 17 1 0
195 15 1 0
196 14 1 0
197 15 1 0
198 17 1 0
199 15 1 0
200 15 1 0
201 16 1 0
202 16 1 0
203 18 1 0
204 18 1 0
205 17 1 0
206 15 1 0
207 17 1 0
208 17 1 0
209 18 1 0
210 18 1 0
211 19 1 0
212 17 1 0
213 17 1 0
214 16 1 0
215 19 1 0
216 17 1 0
217 18 1 0
218 16 1 0
219 16 1 0
220 15 1 0
221 16 1 0
222 16 1 0
223 16 1 0
224 19 1 0
225 18 1 0
226 18 1 0
227 20 1 0
228 21 1 0
229 19 1 0
230 17 1 0
231 16 1 0
232 12 1 0
233 14 1 0
234 17 1 0
235 18 1 0
236 19 1 0
237 19 1 0
238 20 1 0
239 21 1 0
240 19 1 0
241 16 1 0
242 19 1 0
243 16 1 0
244 17 1 0
245 19 1 0
246 18 1 0
247 19 1 0
248 20 1 0
249 18 1 0
250 19 1 0
251 19 1 0
252 19 1 0
253 20 1 0
254 22 1 0
255 21 1 0
256 22 1 0
257 20 1 0
258 20 1 0
259 17 1 0
260 17 1 0
261 20 1 0
262 19 1 0
263 22 1 0
264 23 1 0
265 22 1 0
266 21 1 0
267 20 1 0
268 16 1 0
269 15 1 0
270 15 1 0
271 12 1 0
272 17 1 0
273 19 1 0
274 18 1 0
275 18 1 0
276 18 1 0
277 19 1 0
278 17 1 0
279 18 1 0
280 17 1 0
281 19 1 0
282 20 1 0
283 19 1 0
284 19 1 0
285 20 1 0
286 20 1 0
287 19 1 0
288 17 1 0
289 18 1 0
290 17 1 0
291 15 1 0
292 16 1 0
293 18 1 0
294 17 1 0
295 17 1 0
296 18 1 0
297 21 1 0
298 18 1 0
299 16 1 0
300 17 1 0
301 20 1 0
302 18 1 0
303 17 1 0
304 23 1 0
305 21 1 0
306 22 1 0
307 21 1 0
308 21 1 0
309 22 1 0
310 20 1 0
311 19 1 0
312 18 1 0
313 16 1 0
314 20 1 0
315 20 1 0
316 24 1 0
317 24 1 0
318 26 1 0
319 27 1 0
320 26 1 0
321 27 1 0
322 27 1 0
323 24 1 0
324 21 1 0
325 24 1 0
326 24 1 0
327 24 1 0
328 24 1 0
329 24 1 0
330 22 1 0
331 20 1 0
332 21 1 0
333 23 1 0
334 24 1 0
335 26 1 0
336 27 1 0
337 28 1 0
338 28 2 0
339 26 1 0
340 26 1 0
341 26 1 0
342 24 1 0
343 24 1 0
344 26 1 0
345 28 1 0
346 24 1 0
347 25 1 0
348 25 1 0
349 25 1 0
350 25 1 0
351 25 1 0
352 22 2 0
353 26 1 0
354 24 1 0
355 27 1 0
356 27 1 0
357 27 1 0
358 27 1 0
359 25 1 0
360 24 1 0
361 25 1 0
362 26 1 0
363 27 1 0
364 24 1 0
365 24 1 0
366 25 1 0
367 27 1 0
368 25 1 0
369 27 1 0
370 28 1 0
371 26 1 0
372 31 1 0
373 30 1 0
374 28 1 0
375 26 1 0
376 27 1 0
377 27 1 0
378 30 1 0
379 30 1 0
380 28 2 0
381 26 1 0
382 26 1 0
383 27 1 0
384 26 1 0
385 28 1 0
386 27 2 0
387 26 2 0
388 24 2 0
389 26 1 0
390 26 1 0
391 26 2 0
392 25 1 0
393 26 1 0
394 25 1 0
395 24 1 0
396 25 1 0
397 25 1 0
398 27 2 0
399 27 1 0
400 29 1 0
