0 0 0 0
1 0 0 0
2 0 0 0
3 0 0 0
4 0 0 0
5 0 0 0
6 0 0 0
7 0 0 0
8 0 0 0
9 0 0 0
10 0 0 0
11 0 0 0
12 0 0 0
13 0 0 0
14 0 0 0
15 2 0 0
16 2 0 0
17 1 0 0
18 0 0 0
19 2 0 0
20 1 0 0
21 1 0 1
22 5 0 0
23 4 0 1
24 3 0 0
25 2 0 0
26 1 0 1
27 3 0 1
28 4 0 0
29 3 0 1
30 4 0 1
31 5 0 1
32 5 0 1
33 5 0 1
34 4 0 0
35 7 0 0
36 8 0 0
37 6 0 1
38 7 0 1
39 6 0 1
40 8 0 1
41 9 0 1
42 10 0 1
43 10 0 1
44 9 0 0
45 11 0 1
46 10 0 1
47 10 0 1
48 11 0 1
49 12 0 1
50 9 0 1
51 10 0 0
52 12 0 0
53 12 0 0
54 11 0 0
55 11 0 1
56 13 0 1
57 14 0 1
58 12 0 1
59 11 0 1
60 13 0 1
61 13 0 1
62 13 0 1
63 12 0 1
64 16 0 1
65 15 0 1
66 14 0 1
67 14 0 0
68 12 0 0
69 15 0 1
70 15 0 1
71 14 0 1
72 15 0 1
73 14 0 1
74 14 0 1
75 16 0 1
76 16 0 1
77 17 0 1
78 16 0 1
79 17 0 1
80 17 0 1
81 16 0 1
82 17 0 1
83 17 0 1
84 18 0 1
85 18 0 1
86 18 0 1
87 17 0 1
88 17 0 1
89 17 0 1
90 19 0 1
91 18 0 1
92 18 0 1
93 17 0 1
94 18 0 1
95 18 0 1
96 17 0 1
97 17 0 1
98 16 0 1
99 16 0 1
100 18 0 1
101 17 0 1
102 17 0 1
103 17 0 1
104 16 0 1
105 16 0 1
106 17 0 1
107 17 0 1
108 17 0 1
109 16 0 1
110 14 0 1
111 14 0 1
112 14 0 1
113 15 0 1
114 16 0 1
115 16 0 1
116 17 0 1
117 18 0 1
118 18 0 1
119 19 0 1
120 19 0 1
121 20 0 1
122 18 0 1
123 17 0 1
124 21 0 1
125 20 0 1
126 20 0 1
127 20 0 1
128 19 0 1
129 18 0 1
130 19 0 1
131 17 0 1
132 15 0 1
133 15 0 1
134 15 0 1
135 16 0 1
136 20 0 1
137 20 0 1
138 19 0 1
139 18 0 1
140 20 0 1
141 20 0 1
142 21 0 1
143 20 0 1
144 19 0 1
145 18 0 1
146 18 0 1
147 19 0 1
148 19 0 1
149 19 0 1
150 18 0 1
151 17 0 1
152 17 0 1
153 18 0 1
154 19 0 2
155 19 0 1
156 19 0 1
157 19 0 1
158 19 0 1
159 18 0 1
160 18 0 2
161 18 0 1
162 19 0 1
163 22 0 1
164 20 0 1
165 20 0 1
166 18 0 1
167 18 0 2
168 17 0 2
169 15 0 2
170 16 0 1
171 18 0 1
172 18 0 2
173 18 0 1
174 19 0 2
175 20 0 2
176 21 0 2
177 21 0 2
178 21 0 2
179 20 0 2
180 20 0 2
181 21 0 2
182 20 0 1
183 19 0 2
184 18 0 1
185 18 0 1
186 17 0 1
187 17 0 2
188 17 0 1
189 14 0 1
190 15 0 1
191 16 0 2
192 14 0 2
193 16 0 2
194 17 0 1
195 18 0 2
196 20 0 1
197 20 0 2
198 19 0 2
199 21 0 2
200 20 0 2
201 19 0 2
202 23 0 2
203 24 0 2
204 23 0 2
205 19 0 2
206 20 0 2
207 19 0 2
208 22 0 2
209 21 0 2
210 22 0 3
211 24 0 1
212 22 0 2
213 20 0 2
214 20 0 1
215 22 0 3
216 23 0 3
217 23 0 2
218 24 0 3
219 24 0 3
220 22 0 2
221 23 0 3
222 22 0 3
223 21 0 3
224 21 0 3
225 20 0 3
226 23 0 3
227 22 0 3
228 23 0 3
229 24 0 3
230 24 0 3
231 23 0 3
232 24 0 3
233 22 0 3
234 25 0 4
235 25 0 3
236 24 0 3
237 25 0 3
238 23 0 3
239 22 0 4
240 23 0 3
241 24 0 3
242 25 0 4
243 24 0 4
244 24 0 4
245 24 0 3
246 24 0 4
247 22 0 4
248 24 0 4
249 24 0 4
250 23 0 4
251 24 0 4
252 25 0 4
253 20 0 4
254 18 0 3
255 18 0 3
256 21 0 3
257 23 1 4
258 23 0 3
259 22 0 4
260 23 0 4
261 25 0 3
262 24 1 2
263 26 0 3
264 27 0 3
265 23 0 3
266 23 0 4
267 23 0 4
268 25 0 4
269 25 0 4
270 25 0 4
271 26 0 4
272 24 1 4
273 24 0 4
274 25 1 4
275 26 0 4
276 25 1 4
277 27 1 3
278 27 0 3
279 28 1 3
280 28 0 4
281 29 1 4
282 27 1 4
283 27 1 4
284 25 1 4
285 26 1 3
286 24 1 3
287 27 1 4
288 25 1 3
289 28 1 3
290 28 1 3
291 28 1 4
292 24 1 3
293 26 1 3
294 28 1 4
295 29 1 3
296 27 2 4
297 26 1 4
298 25 2 3
299 26 2 4
300 25 2 4
301 26 2 4
302 27 2 4
303 26 2 3
304 25 2 4
305 28 2 3
306 26 1 3
307 26 2 3
308 28 2 4
309 29 2 4
310 29 2 4
311 28 2 4
312 27 2 4
313 27 2 4
314 28 2 4
315 24 2 4
316 26 2 4
317 28 1 4
318 29 2 4
319 28 1 5
320 26 2 4
321 28 2 4
322 28 2 4
323 28 2 4
324 30 2 5
325 29 1 5
326 28 2 4
327 28 2 4
328 28 1 4
329 27 2 5
330 26 2 4
331 26 2 4
332 25 1 5
333 27 1 4
334 29 2 5
335 27 2 5
336 26 3 4
337 24 2 4
338 24 2 5
339 25 2 2
340 27 2 4
341 26 1 4
342 27 1 4
343 25 2 5
344 26 2 4
345 27 3 4
346 28 2 5
347 28 2 4
348 24 2 4
349 26 2 4
350 26 2 3
351 26 2 3
352 26 3 4
353 24 2 5
354 26 1 5
355 25 2 5
356 26 2 3
357 25 2 5
358 25 2 4
359 28 1 3
360 26 2 4
361 27 2 5
362 29 3 5
363 28 2 3
364 28 2 4
365 29 2 5
366 29 2 4
367 25 2 2
368 24 2 5
369 26 2 4
370 25 2 4
371 27 2 4
372 26 2 2
373 25 2 4
374 25 3 4
375 30 4 5
376 29 3 3
377 31 3 5
378 30 3 6
379 30 3 2
380 28 3 5
381 29 4 5
382 30 3 5
383 31 3 5
384 31 4 5
385 30 4 6
386 28 3 6
387 29 2 5
388 27 2 6
389 28 3 6
390 30 4 5
391 31 4 5
392 29 3 5
393 30 2 5
394 30 2 6
395 32 2 4
396 31 2 6
397 32 1 6
398 31 2 5
399 31 2 4
400 33 2 4
