0 0 0 0
1 0 0 0
2 0 0 0
3 0 0 0
4 0 0 0
5 0 0 0
6 0 0 0
7 0 0 0
8 0 0 0
9 0 0 0
10 0 0 0
11 0 0 0
12 0 0 0
13 0 0 0
14 1 0 0
15 1 0 0
16 0 0 0
17 0 0 0
18 0 0 0
19 1 0 0
20 1 0 0
21 1 0 0
22 2 0 0
23 3 0 0
24 3 0 0
25 3 0 0
26 2 0 0
27 3 0 0
28 5 0 0
29 5 0 0
30 3 0 0
31 3 0 0
32 4 0 0
33 4 0 0
34 2 0 0
35 1 0 0
36 2 0 0
37 3 0 0
38 4 0 0
39 4 0 0
40 5 0 0
41 4 0 0
42 5 0 0
43 4 0 0
44 5 0 0
45 6 0 0
46 7 0 0
47 7 0 0
48 5 0 1
49 5 0 0
50 7 0 0
51 7 0 0
52 8 0 0
53 7 0 0
54 6 0 1
55 9 0 1
56 9 0 1
57 9 0 1
58 8 0 1
59 6 0 0
60 9 0 0
61 9 0 1
62 12 0 1
63 10 0 1
64 11 0 1
65 12 0 1
66 9 0 0
67 10 0 0
68 9 0 0
69 10 0 1
70 11 0 0
71 11 0 1
72 12 0 1
73 12 0 1
74 13 0 1
75 10 0 1
76 12 0 1
77 11 0 1
78 14 0 1
79 12 0 1
80 11 0 1
81 12 0 1
82 13 0 1
83 9 0 1
84 12 0 1
85 15 0 1
86 15 0 1
87 13 0 1
88 11 0 1
89 12 0 1
90 12 0 1
91 12 0 1
92 13 0 1
93 15 0 1
94 15 0 1
95 14 0 1
96 13 0 1
97 13 0 1
98 14 0 1
99 15 0 1
100 13 0 1
101 12 0 1
102 9 0 1
103 9 0 1
104 11 0 1
105 13 0 0
106 14 0 1
107 14 0 1
108 13 0 1
109 13 0 1
110 13 0 1
111 15 0 1
112 16 0 0
113 15 0 1
114 12 0 1
115 11 0 1
116 12 0 1
117 11 0 1
118 13 0 1
119 16 0 1
120 16 0 1
121 16 0 1
122 14 0 0
123 13 0 2
124 13 0 2
125 11 0 1
126 15 0 1
127 15 0 2
128 14 0 2
129 14 0 2
130 16 0 2
131 15 0 2
132 15 0 2
133 17 0 2
134 15 0 2
135 15 0 2
136 16 0 1
137 15 0 1
138 16 0 1
139 14 0 1
140 13 0 2
141 14 0 1
142 15 0 0
143 16 0 1
144 15 0 1
145 16 0 2
146 15 0 2
147 16 0 2
148 16 0 2
149 16 0 1
150 13 0 1
151 13 0 2
152 13 0 2
153 13 0 2
154 11 0 2
155 11 0 1
156 10 0 2
157 14 0 1
158 12 0 1
159 12 0 2
160 15 0 2
161 14 0 2
162 17 0 2
163 16 0 2
164 15 0 2
165 16 0 2
166 16 0 2
167 17 0 2
168 17 0 2
169 16 0 2
170 16 0 2
171 16 0 2
172 14 0 1
173 14 0 1
174 14 0 2
175 14 0 2
176 14 0 2
177 17 0 3
178 15 0 1
179 18 0 3
180 19 0 2
181 18 0 2
182 17 0 3
183 16 0 4
184 16 0 4
185 16 0 2
186 14 0 3
187 14 0 3
188 13 0 3
189 16 0 3
190 16 0 4
191 16 0 3
192 17 0 2
193 17 0 3
194 14 0 3
195 14 0 2
196 14 0 3
197 16 0 4
198 14 0 3
199 14 0 2
200 15 0 3
201 16 0 4
202 15 0 4
203 15 0 3
204 15 0 4
205 16 0 4
206 19 0 3
207 20 0 4
208 17 0 4
209 17 0 4
210 18 0 3
211 18 0 4
212 18 0 4
213 16 0 4
214 18 0 3
215 17 0 3
216 14 0 4
217 12 0 3
218 12 0 3
219 13 0 3
220 14 0 4
221 15 0 4
222 16 0 3
223 16 0 4
224 15 0 4
225 17 0 4
226 17 0 4
227 17 0 4
228 16 0 4
229 17 0 3
230 18 0 3
231 17 0 4
232 16 0 4
233 17 0 3
234 16 0 4
235 13 0 4
236 16 0 4
237 14 0 4
238 15 0 4
239 16 0 3
240 16 0 3
241 19 0 4
242 20 0 3
243 20 0 2
244 19 0 3
245 16 0 4
246 16 0 4
247 15 0 4
248 13 0 3
249 14 0 2
250 16 0 4
251 17 0 3
252 17 0 4
253 16 0 3
254 16 0 3
255 15 0 3
256 15 0 4
257 16 0 4
258 15 0 3
259 15 0 4
260 15 0 4
261 15 0 5
262 15 0 2
263 18 0 5
264 20 0 5
265 20 0 4
266 20 0 4
267 19 0 4
268 21 0 5
269 19 0 5
270 18 0 6
271 18 0 4
272 18 0 4
273 18 0 4
274 17 0 4
275 18 0 3
276 18 0 5
277 18 0 4
278 18 0 3
279 19 0 6
280 18 0 4
281 20 0 5
282 18 0 5
283 18 0 5
284 16 0 5
285 18 0 5
286 19 0 4
287 19 0 5
288 18 0 5
289 18 0 6
290 20 0 6
291 20 0 6
292 21 0 4
293 21 0 5
294 20 0 5
295 21 0 4
296 20 0 5
297 22 0 6
298 20 0 5
299 21 0 4
300 20 0 3
301 19 0 5
302 18 0 5
303 19 0 5
304 19 0 5
305 20 0 5
306 21 0 4
307 23 0 5
308 23 0 4
309 21 0 4
310 19 0 4
311 20 0 4
312 21 0 5
313 21 0 6
314 21 0 6
315 20 0 3
316 18 0 4
317 19 0 6
318 18 0 6
319 21 0 5
320 23 0 6
321 21 0 6
322 18 0 5
323 19 0 6
324 19 0 6
325 20 0 6
326 20 0 6
327 20 0 6
328 18 0 6
329 18 0 7
330 21 0 5
331 22 0 6
332 22 0 7
333 24 0 6
334 27 0 5
335 26 0 5
336 25 0 7
337 24 0 7
338 23 0 6
339 22 0 7
340 21 0 6
341 24 0 4
342 25 0 3
343 23 0 6
344 23 0 7
345 25 0 7
346 24 0 7
347 25 0 7
348 22 0 6
349 22 0 6
350 22 0 7
351 23 0 6
352 26 0 6
353 30 0 7
354 29 0 7
355 28 0 6
356 27 0 6
357 24 0 7
358 20 0 7
359 22 0 7
360 25 0 6
361 26 0 5
362 27 0 7
363 27 0 8
364 27 0 7
365 26 0 6
366 22 0 7
367 25 0 8
368 23 0 6
369 22 0 4
370 23 0 7
371 26 0 8
372 28 0 7
373 25 0 6
374 21 0 8
375 22 0 8
376 24 0 6
377 24 0 6
378 23 0 8
379 22 0 8
380 23 0 8
381 24 0 7
382 24 0 8
383 23 0 8
384 25 0 8
385 27 0 8
386 25 0 7
387 24 0 7
388 23 0 8
389 21 0 6
390 24 0 5
391 25 0 7
392 23 0 7
393 23 0 8
394 25 1 7
395 26 0 8
396 27 0 7
397 26 0 8
398 26 0 7
399 23 0 5
400 21 0 5
