0 0 0 0
1 0 0 0
2 0 0 0
3 0 0 0
4 0 0 0
5 0 0 0
6 0 0 0
7 0 0 0
8 0 0 0
9 0 0 0
10 0 0 0
11 0 0 0
12 0 0 0
13 0 0 0
14 0 0 0
15 0 0 0
16 1 0 0
17 1 0 0
18 1 0 0
19 2 0 0
20 1 0 0
21 2 0 0
22 3 0 0
23 3 0 0
24 4 0 0
25 4 0 0
26 3 0 0
27 5 0 0
28 7 0 0
29 6 0 0
30 7 0 0
31 7 0 0
32 6 0 0
33 6 0 0
34 4 0 0
35 8 0 0
36 7 0 0
37 6 0 0
38 8 0 0
39 8 0 0
40 6 0 0
41 8 0 0
42 11 0 0
43 12 0 0
44 14 0 0
45 13 0 0
46 13 0 0
47 12 0 0
48 12 0 0
49 10 0 0
50 10 0 0
51 12 0 0
52 11 0 0
53 11 0 0
54 12 0 0
55 13 0 0
56 14 0 0
57 12 0 0
58 12 0 0
59 13 0 0
60 14 0 0
61 13 0 0
62 11 0 0
63 14 0 0
64 14 0 0
65 12 0 0
66 14 0 0
67 14 0 0
68 13 0 0
69 15 0 0
70 13 0 0
71 15 0 0
72 15 0 0
73 14 0 0
74 16 0 0
75 17 0 0
76 17 0 0
77 17 0 0
78 19 0 0
79 18 0 0
80 19 0 0
81 19 0 0
82 21 0 0
83 20 0 0
84 20 0 0
85 19 0 0
86 20 0 0
87 19 0 0
88 18 0 0
89 19 0 0
90 21 0 0
91 19 0 0
92 21 0 0
93 18 0 0
94 20 0 0
95 20 0 0
96 20 0 0
97 21 0 0
98 18 0 0
99 21 0 0
100 21 0 0
101 21 0 0
102 17 0 0
103 17 0 0
104 18 0 0
105 19 0 0
106 19 0 0
107 18 0 0
108 18 0 0
109 15 0 0
110 14 0 0
111 16 0 0
112 16 0 0
113 19 0 0
114 22 0 0
115 22 0 0
116 20 0 0
117 23 0 0
118 22 0 0
119 20 0 0
120 19 0 0
121 19 0 0
122 20 0 0
123 21 0 0
124 18 0 0
125 17 0 0
126 16 0 0
127 18 0 0
128 18 0 0
129 17 0 0
130 20 0 0
131 20 0 0
132 18 0 0
133 19 0 0
134 20 0 0
135 21 0 0
136 20 0 0
137 18 0 0
138 17 0 0
139 16 0 0
140 18 0 0
141 18 0 0
142 19 0 0
143 19 0 0
144 20 0 0
145 20 0 0
146 20 0 0
147 18 0 0
148 16 0 0
149 18 0 0
150 21 0 0
151 21 0 0
152 19 0 0
153 19 0 0
154 16 0 0
155 17 0 0
156 16 0 0
157 19 0 0
158 18 0 0
159 20 0 0
160 21 0 0
161 23 0 0
162 22 0 0
163 23 0 0
164 20 0 0
165 14 0 0
166 16 0 0
167 16 0 0
168 17 0 0
169 18 0 0
170 19 0 0
171 19 0 0
172 22 0 0
173 23 0 0
174 21 0 0
175 22 0 0
176 18 0 0
177 18 0 0
178 17 0 0
179 19 0 0
180 20 0 0
181 21 0 0
182 19 0 0
183 20 0 0
184 20 0 0
185 21 0 0
186 21 0 0
187 22 0 0
188 22 0 0
189 22 0 0
190 20 0 0
191 16 0 0
192 17 0 0
193 17 0 0
194 19 0 0
195 18 0 0
196 21 0 0
197 21 0 0
198 23 0 0
199 23 0 0
200 23 0 0
201 24 0 0
202 23 0 0
203 23 0 0
204 23 0 0
205 23 0 0
206 20 0 0
207 22 0 0
208 21 0 0
209 21 0 0
210 18 0 0
211 17 0 0
212 16 0 0
213 18 0 0
214 17 0 0
215 19 0 0
216 20 0 0
217 17 0 0
218 20 0 0
219 17 0 0
220 17 0 0
221 20 0 0
222 19 0 0
223 21 0 0
224 23 0 0
225 22 0 0
226 19 0 0
227 19 0 0
228 19 0 0
229 18 0 0
230 19 0 0
231 17 0 0
232 18 0 0
233 21 0 0
234 19 0 0
235 18 0 0
236 18 0 0
237 21 0 0
238 23 0 0
239 26 0 0
240 25 0 0
241 26 0 0
242 25 0 0
243 22 0 0
244 22 0 0
245 22 0 0
246 19 0 0
247 21 0 0
248 22 0 0
249 22 0 0
250 20 0 0
251 19 0 0
252 21 0 0
253 20 0 0
254 21 0 0
255 23 0 0
256 22 0 0
257 20 0 0
258 22 0 0
259 18 0 0
260 17 0 0
261 17 0 0
262 17 0 0
263 16 0 0
264 16 0 0
265 19 0 0
266 21 0 0
267 19 0 0
268 18 0 0
269 22 0 0
270 23 0 0
271 22 0 0
272 23 0 0
273 23 0 0
274 21 0 0
275 19 0 0
276 20 0 0
277 21 0 0
278 22 0 0
279 21 0 0
280 21 0 0
281 22 0 0
282 20 0 0
283 21 0 0
284 20 0 0
285 19 0 0
286 16 0 0
287 17 0 0
288 18 0 0
289 19 0 0
290 17 0 0
291 16 0 0
292 16 0 0
293 19 0 0
294 20 0 0
295 19 0 0
296 17 0 0
297 19 0 0
298 20 0 0
299 20 0 0
300 21 0 0
301 18 0 0
302 21 0 0
303 23 0 0
304 23 0 0
305 23 0 0
306 25 0 0
307 27 0 0
308 28 0 0
309 27 0 0
310 24 0 0
311 24 0 0
312 24 0 0
313 21 0 0
314 22 0 0
315 21 0 0
316 21 0 0
317 21 0 0
318 18 0 0
319 19 0 0
320 17 0 0
321 16 0 0
322 16 0 0
323 20 0 0
324 18 0 1
325 22 0 0
326 21 0 0
327 21 0 0
328 22 0 0
329 21 0 0
330 21 0 1
331 22 0 1
332 20 0 1
333 23 0 1
334 20 0 1
335 24 0 1
336 25 0 1
337 24 0 1
338 22 0 0
339 22 0 0
340 25 0 1
341 26 0 1
342 24 0 1
343 25 0 1
344 23 0 1
345 24 0 1
346 23 0 1
347 26 0 1
348 24 0 1
349 23 0 1
350 25 0 1
351 24 0 1
352 23 0 1
353 22 0 0
354 22 0 1
355 22 0 1
356 21 0 1
357 18 0 1
358 24 0 1
359 25 0 1
360 21 0 1
361 21 0 1
362 23 0 1
363 24 0 1
364 24 0 1
365 26 0 1
366 24 0 1
367 23 0 1
368 23 0 1
369 20 0 1
370 21 0 1
371 22 0 1
372 22 0 1
373 23 0 1
374 27 0 1
375 27 0 1
376 27 0 1
377 25 0 1
378 26 0 1
379 26 0 1
380 28 0 1
381 24 0 1
382 24 0 1
383 20 0 1
384 24 0 1
385 24 0 1
386 23 0 1
387 21 0 1
388 19 0 1
389 19 0 1
390 21 0 1
391 21 0 1
392 22 0 1
393 20 0 1
394 20 0 1
395 21 0 1
396 23 0 1
397 22 0 1
398 17 0 1
399 19 0 1
400 21 0 1
