0 0 0 0
1 0 0 0
2 0 0 0
3 0 0 0
4 0 0 0
5 0 0 0
6 0 0 0
7 0 0 0
8 0 0 0
9 0 0 0
10 0 0 0
11 1 0 0
12 1 0 0
13 2 0 0
14 1 0 0
15 0 0 0
16 2 0 0
17 1 0 0
18 2 0 0
19 1 0 0
20 1 0 0
21 1 0 0
22 3 0 0
23 6 0 0
24 5 0 0
25 5 0 0
26 7 0 0
27 6 0 0
28 6 0 0
29 7 0 0
30 6 0 0
31 6 0 0
32 6 0 0
33 6 0 0
34 6 0 0
35 7 0 0
36 8 0 0
37 8 0 0
38 9 0 0
39 8 0 0
40 8 0 0
41 10 0 0
42 9 0 0
43 8 0 0
44 8 0 0
45 11 0 0
46 10 0 0
47 10 0 0
48 10 0 0
49 9 0 0
50 11 0 0
51 11 0 0
52 11 0 0
53 9 0 0
54 10 0 0
55 13 0 0
56 11 0 0
57 10 0 0
58 13 0 0
59 12 0 0
60 10 0 0
61 12 0 0
62 14 0 0
63 12 0 0
64 14 0 0
65 13 0 0
66 15 0 0
67 16 0 0
68 16 0 0
69 15 0 0
70 14 0 0
71 15 0 0
72 13 0 0
73 15 0 0
74 16 0 0
75 14 0 0
76 14 0 0
77 16 0 0
78 15 0 0
79 16 0 0
80 14 0 0
81 17 0 0
82 19 0 0
83 17 0 0
84 18 0 0
85 18 0 0
86 16 0 0
87 17 0 0
88 16 0 0
89 16 0 0
90 19 0 0
91 17 0 0
92 17 0 0
93 20 0 0
94 20 0 0
95 19 0 0
96 19 0 0
97 20 0 0
98 17 0 0
99 20 0 0
100 19 0 0
101 19 0 0
102 18 0 0
103 18 0 0
104 17 0 0
105 17 0 0
106 17 0 0
107 17 0 0
108 13 0 0
109 13 0 0
110 13 0 0
111 13 0 0
112 16 0 0
113 16 0 0
114 17 0 0
115 16 0 0
116 14 0 0
117 17 0 0
118 17 0 0
119 17 0 0
120 17 0 0
121 14 0 0
122 12 0 0
123 13 0 0
124 12 0 0
125 11 0 0
126 13 0 0
127 15 0 0
128 15 0 0
129 14 0 0
130 16 0 0
131 18 0 0
132 19 0 0
133 18 0 0
134 17 0 0
135 17 0 0
136 16 0 0
137 17 0 0
138 17 0 0
139 13 0 0
140 14 0 0
141 15 0 0
142 13 0 0
143 14 0 0
144 15 0 0
145 16 0 0
146 14 0 0
147 15 0 0
148 15 0 0
149 17 0 0
150 18 0 0
151 19 0 0
152 19 0 0
153 17 0 0
154 17 0 0
155 17 0 0
156 18 0 0
157 16 0 0
158 16 0 0
159 16 0 0
160 15 0 0
161 17 0 0
162 18 0 0
163 18 0 0
164 12 0 0
165 12 0 0
166 14 0 0
167 14 0 0
168 17 0 0
169 18 0 0
170 17 0 0
171 15 0 0
172 15 0 0
173 16 0 0
174 16 0 0
175 15 0 0
176 15 0 0
177 15 0 0
178 16 0 0
179 15 0 0
180 16 0 0
181 16 0 0
182 17 0 0
183 15 0 0
184 15 0 0
185 15 0 0
186 17 0 0
187 15 0 0
188 12 0 0
189 18 0 0
190 20 0 0
191 19 0 0
192 17 0 0
193 18 0 0
194 18 0 0
195 17 0 0
196 17 0 0
197 14 0 0
198 13 0 0
199 13 0 0
200 15 0 0
201 15 0 0
202 17 0 0
203 19 0 0
204 17 0 0
205 20 0 0
206 18 0 0
207 17 0 0
208 17 0 0
209 16 0 0
210 14 0 0
211 14 0 0
212 15 0 0
213 15 0 0
214 15 0 0
215 15 0 0
216 16 0 0
217 16 0 0
218 15 0 0
219 15 0 0
220 15 0 0
221 13 0 0
222 14 1 0
223 16 0 0
224 18 0 0
225 17 0 0
226 16 0 0
227 17 0 0
228 16 0 0
229 17 0 0
230 18 0 0
231 16 1 0
232 13 1 0
233 16 0 0
234 15 0 0
235 17 0 0
236 15 0 0
237 15 0 0
238 14 0 0
239 14 0 0
240 17 1 0
241 16 0 0
242 15 0 0
243 14 0 0
244 14 0 0
245 15 0 0
246 15 0 0
247 17 0 0
248 16 0 0
249 18 0 0
250 16 0 0
251 15 1 0
252 14 1 0
253 13 0 0
254 16 0 0
255 17 0 0
256 18 0 0
257 18 0 0
258 17 0 0
259 18 0 0
260 19 0 0
261 20 0 0
262 19 0 0
263 17 0 0
264 17 0 0
265 20 0 0
266 22 0 0
267 23 0 0
268 23 0 0
269 21 0 0
270 18 0 0
271 20 0 0
272 19 0 0
273 21 0 0
274 20 1 0
275 20 1 0
276 20 0 0
277 18 0 0
278 18 0 0
279 19 0 0
280 20 0 0
281 20 0 0
282 20 0 0
283 19 1 0
284 19 0 0
285 24 0 0
286 21 0 0
287 23 0 0
288 23 0 0
289 21 1 0
290 21 0 0
291 21 0 0
292 19 2 0
293 18 1 0
294 18 0 0
295 19 0 0
296 18 0 0
297 21 1 0
298 19 2 0
299 21 1 0
300 20 1 0
301 20 2 0
302 21 1 0
303 20 0 0
304 19 0 0
305 20 0 0
306 19 0 0
307 21 1 0
308 22 1 0
309 21 0 0
310 20 0 0
311 20 0 0
312 20 0 0
313 18 0 0
314 19 1 0
315 20 1 0
316 20 2 0
317 21 1 0
318 22 1 0
319 22 1 0
320 22 0 0
321 20 0 0
322 19 1 0
323 19 1 0
324 19 0 0
325 23 0 0
326 23 0 0
327 21 0 0
328 21 0 0
329 21 0 0
330 17 0 0
331 17 0 0
332 18 1 0
333 19 1 0
334 22 1 0
335 21 1 0
336 21 1 0
337 21 1 0
338 20 1 0
339 17 1 0
340 17 0 0
341 21 1 0
342 21 0 0
343 19 0 0
344 18 1 0
345 16 1 0
346 16 1 0
347 18 1 0
348 20 2 0
349 19 2 0
350 20 1 0
351 21 1 0
352 19 1 0
353 19 1 0
354 17 1 0
355 20 1 0
356 18 1 0
357 18 0 0
358 21 1 0
359 20 1 0
360 17 1 0
361 17 0 0
362 19 2 0
363 20 0 0
364 20 0 0
365 21 1 0
366 22 1 0
367 19 2 0
368 17 1 0
369 19 1 0
370 19 2 0
371 15 1 1
372 14 1 0
373 17 1 0
374 17 0 0
375 22 1 0
376 22 2 0
377 19 2 0
378 19 2 0
379 18 2 1
380 19 2 1
381 20 3 0
382 19 2 0
383 20 2 0
384 25 2 0
385 25 3 0
386 24 2 0
387 23 2 0
388 21 3 0
389 21 2 0
390 22 2 0
391 22 2 1
392 22 2 1
393 23 2 0
394 20 2 0
395 16 3 0
396 19 2 0
397 19 2 0
398 19 2 1
399 17 2 0
400 19 3 0
