0 0 0 0
1 0 0 0
2 0 0 0
3 0 0 0
4 0 0 0
5 0 0 0
6 0 0 0
7 0 0 0
8 0 0 0
9 0 0 0
10 0 0 0
11 0 0 0
12 0 0 0
13 0 0 0
14 1 0 0
15 1 0 0
16 1 0 0
17 1 0 0
18 3 0 0
19 2 0 0
20 1 0 0
21 1 0 0
22 1 0 0
23 3 0 0
24 3 0 0
25 2 0 0
26 3 0 0
27 2 0 0
28 1 0 0
29 2 0 0
30 3 0 0
31 3 0 0
32 3 0 0
33 3 0 0
34 4 0 0
35 2 0 0
36 4 0 0
37 4 0 0
38 4 0 0
39 5 0 0
40 4 0 0
41 4 0 0
42 7 0 0
43 6 0 0
44 5 0 0
45 7 0 0
46 7 0 0
47 8 0 0
48 11 0 0
49 9 0 0
50 11 0 0
51 9 0 0
52 10 0 0
53 8 0 0
54 10 0 0
55 10 0 0
56 10 0 0
57 9 0 0
58 9 0 0
59 10 0 0
60 11 0 0
61 12 0 0
62 13 0 0
63 14 0 0
64 11 0 0
65 11 0 0
66 16 0 0
67 17 0 0
68 15 0 0
69 14 0 0
70 13 0 0
71 17 0 0
72 16 0 0
73 16 0 0
74 13 0 0
75 13 0 0
76 12 0 0
77 14 0 0
78 14 0 0
79 14 0 0
80 16 0 0
81 17 0 0
82 16 0 0
83 14 0 0
84 14 0 0
85 17 0 0
86 17 0 0
87 17 0 0
88 13 0 0
89 15 0 0
90 13 0 0
91 17 0 0
92 15 0 0
93 16 0 0
94 15 0 0
95 16 0 0
96 18 0 0
97 17 0 0
98 18 0 0
99 18 0 0
100 18 0 0
101 15 0 0
102 15 0 0
103 15 0 0
104 17 0 0
105 17 0 0
106 16 0 0
107 15 0 0
108 15 0 0
109 16 0 0
110 17 0 0
111 16 0 0
112 13 0 0
113 13 0 0
114 14 0 0
115 14 0 0
116 16 0 0
117 14 0 0
118 14 0 0
119 17 0 0
120 16 0 0
121 18 0 0
122 18 0 0
123 19 0 0
124 17 0 0
125 18 0 0
126 18 0 0
127 17 0 0
128 16 0 0
129 16 0 0
130 16 0 0
131 15 0 0
132 14 0 0
133 17 0 0
134 17 0 0
135 14 0 0
136 15 0 0
137 18 0 0
138 18 0 0
139 18 0 0
140 18 0 0
141 18 0 0
142 15 0 0
143 15 0 0
144 15 0 0
145 17 0 0
146 18 0 0
147 19 0 0
148 17 0 0
149 17 0 0
150 17 0 0
151 17 0 0
152 15 0 0
153 14 0 0
154 13 0 0
155 14 0 0
156 15 0 0
157 15 0 0
158 17 0 0
159 16 0 0
160 15 0 0
161 15 0 0
162 12 0 0
163 11 0 0
164 11 0 0
165 10 0 0
166 13 0 0
167 16 0 0
168 16 0 0
169 15 0 0
170 16 0 0
171 16 0 0
172 17 0 0
173 16 0 0
174 16 0 0
175 15 0 0
176 15 0 0
177 18 0 0
178 16 0 0
179 15 0 0
180 15 0 0
181 15 0 0
182 16 0 0
183 16 0 0
184 16 0 0
185 15 0 0
186 13 0 0
187 14 0 0
188 16 0 0
189 16 0 0
190 14 0 0
191 15 0 0
192 15 0 0
193 14 0 0
194 16 0 0
195 14 0 0
196 14 0 0
197 15 0 0
198 14 0 0
199 13 0 1
200 14 0 0
201 13 0 0
202 15 0 0
203 14 0 0
204 12 0 0
205 13 0 1
206 11 0 0
207 12 0 0
208 13 0 0
209 13 0 1
210 15 0 1
211 13 0 0
212 16 0 0
213 13 0 1
214 16 0 0
215 15 0 0
216 15 0 0
217 13 0 0
218 12 0 0
219 13 0 1
220 16 0 0
221 17 0 0
222 18 0 0
223 18 0 0
224 16 0 0
225 15 0 1
226 15 0 2
227 16 0 2
228 19 0 2
229 18 0 2
230 17 0 2
231 17 0 2
232 17 0 1
233 17 0 0
234 17 0 1
235 18 0 2
236 18 0 2
237 17 0 1
238 16 0 1
239 13 0 1
240 13 0 0
241 13 0 2
242 15 0 1
243 12 0 2
244 10 0 3
245 11 0 2
246 9 0 1
247 13 0 0
248 17 0 0
249 17 0 1
250 17 0 2
251 14 0 1
252 14 0 1
253 13 0 1
254 14 0 1
255 14 0 1
256 13 0 3
257 13 0 1
258 14 0 0
259 15 0 0
260 16 0 1
261 16 0 2
262 18 0 1
263 16 0 1
264 16 0 1
265 16 0 2
266 13 0 2
267 14 0 0
268 13 0 0
269 12 0 1
270 14 0 2
271 14 0 2
272 16 0 1
273 16 0 2
274 17 0 2
275 17 0 2
276 15 0 2
277 16 0 2
278 16 0 3
279 14 0 3
280 14 0 3
281 16 0 3
282 16 0 2
283 16 0 2
284 16 0 1
285 13 0 2
286 12 0 3
287 12 0 2
288 14 0 2
289 15 0 2
290 15 0 2
291 17 0 2
292 14 0 2
293 17 0 2
294 16 0 1
295 17 0 1
296 17 0 2
297 18 0 2
298 16 0 2
299 16 0 2
300 17 0 1
301 18 0 2
302 16 0 1
303 15 0 1
304 18 0 1
305 13 0 1
306 13 0 3
307 13 0 2
308 12 0 2
309 13 0 3
310 14 0 2
311 16 0 1
312 15 0 2
313 15 0 3
314 14 0 4
315 14 0 0
316 12 0 1
317 14 0 2
318 12 0 3
319 11 0 4
320 13 0 3
321 15 0 2
322 14 0 3
323 11 0 3
324 13 0 2
325 16 0 2
326 18 0 1
327 19 0 3
328 19 0 4
329 17 0 2
330 17 0 3
331 15 0 3
332 13 0 3
333 12 0 4
334 13 0 4
335 17 0 4
336 19 0 4
337 19 0 4
338 17 0 4
339 15 0 3
340 16 0 3
341 16 0 3
342 16 0 1
343 16 0 2
344 18 0 1
345 20 0 4
346 20 0 3
347 17 0 2
348 21 0 3
349 19 0 3
350 20 0 2
351 19 0 3
352 21 0 5
353 21 0 2
354 22 0 2
355 19 0 4
356 17 0 3
357 17 0 3
358 19 0 3
359 15 0 3
360 17 0 4
361 15 0 3
362 17 0 3
363 18 0 3
364 21 0 4
365 23 0 2
366 20 0 4
367 21 0 4
368 22 0 3
369 21 0 3
370 21 0 3
371 20 0 4
372 19 0 4
373 18 0 4
374 17 0 4
375 16 0 3
376 12 0 3
377 17 0 2
378 13 0 4
379 16 0 3
380 19 0 5
381 21 0 4
382 20 0 3
383 21 0 3
384 22 0 4
385 22 0 3
386 22 0 4
387 19 0 3
388 19 0 2
389 21 0 3
390 23 0 3
391 22 0 3
392 21 0 3
393 21 0 4
394 22 0 3
395 21 0 3
396 21 0 4
397 20 0 5
398 19 0 5
399 17 0 5
400 18 0 5
