0 0 0 0
1 0 0 0
2 0 0 0
3 0 0 0
4 0 0 0
5 0 0 0
6 0 0 0
7 0 0 0
8 0 0 0
9 0 0 0
10 0 0 0
11 0 0 0
12 1 0 0
13 1 0 0
14 1 0 0
15 0 0 0
16 0 0 0
17 0 0 0
18 2 0 0
19 1 0 0
20 1 0 0
21 2 0 0
22 3 0 0
23 3 0 0
24 3 0 0
25 2 0 0
26 2 0 0
27 4 0 0
28 4 0 0
29 7 0 0
30 5 0 0
31 7 0 0
32 8 0 0
33 8 0 0
34 10 0 0
35 11 0 0
36 9 0 0
37 8 0 0
38 7 0 0
39 6 0 0
40 8 0 0
41 8 0 0
42 11 0 0
43 13 0 0
44 14 0 0
45 13 0 0
46 14 0 0
47 13 0 0
48 14 0 0
49 14 0 0
50 12 0 0
51 13 0 0
52 15 0 0
53 15 0 0
54 17 0 0
55 17 0 0
56 17 0 0
57 16 0 0
58 17 0 0
59 16 0 0
60 16 0 0
61 19 0 0
62 18 0 0
63 22 0 0
64 22 0 0
65 22 0 0
66 21 0 0
67 20 0 0
68 23 0 0
69 21 0 0
70 19 0 0
71 19 0 0
72 22 0 0
73 21 0 0
74 21 0 0
75 17 1 0
76 19 0 0
77 20 0 0
78 21 0 0
79 23 0 0
80 24 0 0
81 19 0 0
82 21 0 0
83 21 1 0
84 25 0 0
85 24 0 0
86 22 0 0
87 22 0 0
88 23 0 0
89 24 1 0
90 25 1 0
91 25 1 0
92 25 0 0
93 26 0 0
94 25 0 0
95 25 0 0
96 25 1 0
97 26 1 0
98 24 1 0
99 25 1 0
100 23 0 0
101 22 1 0
102 20 0 0
103 21 0 0
104 21 1 0
105 21 0 0
106 21 0 0
107 21 1 0
108 22 0 0
109 25 0 0
110 23 0 0
111 23 0 0
112 23 0 0
113 24 0 0
114 24 1 0
115 26 1 0
116 24 0 0
117 23 1 0
118 23 0 0
119 19 1 0
120 21 1 0
121 22 2 0
122 21 1 0
123 21 1 0
124 19 2 0
125 21 1 0
126 23 1 0
127 24 1 0
128 26 1 0
129 23 1 0
130 21 2 0
131 23 2 0
132 26 1 0
133 24 2 0
134 23 2 0
135 23 1 0
136 24 2 0
137 24 2 0
138 24 1 0
139 25 2 0
140 25 1 0
141 25 1 0
142 24 2 0
143 22 2 0
144 22 1 0
145 22 2 0
146 24 1 0
147 22 2 0
148 21 2 0
149 22 1 0
150 23 2 0
151 22 1 0
152 22 2 0
153 22 1 0
154 23 2 0
155 25 1 0
156 24 1 0
157 26 2 0
158 25 1 0
159 26 2 0
160 27 1 0
161 25 3 0
162 25 1 0
163 23 2 0
164 21 2 0
165 23 2 0
166 22 2 0
167 21 2 1
168 22 2 0
169 22 2 0
170 26 2 0
171 25 2 0
172 24 2 0
173 24 2 0
174 23 2 0
175 23 2 0
176 23 1 0
177 24 2 0
178 22 0 0
179 23 2 0
180 24 0 0
181 26 1 1
182 26 0 0
183 26 0 1
184 25 1 0
185 24 0 1
186 25 0 1
187 26 1 1
188 26 2 2
189 27 2 1
190 27 2 1
191 27 1 1
192 27 1 1
193 26 1 2
194 26 0 1
195 26 2 1
196 24 2 0
197 24 2 0
198 23 1 2
199 23 2 2
200 21 2 1
201 23 2 1
202 23 2 1
203 22 2 1
204 23 2 2
205 26 2 1
206 27 2 1
207 26 2 0
208 24 1 1
209 26 2 2
210 23 1 2
211 24 2 0
212 26 2 1
213 25 2 2
214 26 2 2
215 25 3 1
216 24 3 1
217 26 4 1
218 24 3 1
219 24 3 2
220 24 3 1
221 25 4 1
222 25 4 1
223 25 5 2
224 27 4 2
225 27 4 1
226 28 4 1
227 26 3 1
228 25 3 2
229 28 4 2
230 26 4 1
231 26 4 1
232 25 4 1
233 24 3 2
234 26 3 2
235 26 4 1
236 27 3 1
237 25 4 2
238 25 3 2
239 25 3 2
240 24 4 1
241 27 3 0
242 26 2 2
243 27 3 0
244 25 2 1
245 24 4 1
246 23 3 2
247 28 2 1
248 27 4 1
249 26 3 2
250 26 3 1
251 28 3 2
252 28 2 1
253 28 2 2
254 28 2 2
255 28 3 2
256 27 3 2
257 26 3 2
258 26 3 2
259 28 2 2
260 30 3 1
261 28 3 2
262 28 3 3
263 27 3 3
264 26 2 0
265 28 2 2
266 29 3 1
267 27 3 1
268 27 3 2
269 26 3 3
270 27 2 1
271 23 3 1
272 24 3 3
273 25 3 4
274 25 3 2
275 24 3 2
276 23 2 4
277 24 2 3
278 26 3 2
279 25 3 4
280 26 3 4
281 28 2 4
282 28 3 2
283 28 4 4
284 26 4 4
285 28 4 2
286 26 4 2
287 24 4 3
288 26 4 3
289 26 4 3
290 28 4 2
291 26 4 3
292 29 3 4
293 28 3 2
294 27 3 3
295 27 4 3
296 29 4 2
297 29 4 3
298 29 4 4
299 26 4 3
300 31 4 3
301 28 4 3
302 29 4 4
303 30 3 3
304 30 4 3
305 31 4 3
306 33 4 2
307 32 4 3
308 32 4 3
309 32 4 3
310 31 4 2
311 31 4 4
312 28 4 4
313 27 4 3
314 28 4 2
315 29 4 4
316 30 4 4
317 28 4 3
318 30 4 3
319 30 3 3
320 30 4 4
321 30 4 3
322 30 4 3
323 32 4 2
324 32 4 4
325 33 4 4
326 34 4 3
327 33 4 3
328 32 4 4
329 32 4 4
330 32 4 3
331 33 4 3
332 33 5 4
333 34 5 3
334 33 5 3
335 34 5 3
336 34 5 3
337 35 4 3
338 34 4 4
339 32 3 4
340 34 5 3
341 32 5 4
342 34 5 4
343 34 5 4
344 34 5 4
345 34 5 3
346 33 5 4
347 32 6 4
348 32 6 4
349 33 5 4
350 33 6 4
351 33 6 3
352 31 6 3
353 33 6 4
354 32 6 4
355 36 6 4
356 33 6 3
357 32 6 4
358 31 6 4
359 33 6 4
360 33 6 4
361 36 6 4
362 37 6 4
363 38 6 4
364 36 6 4
365 36 6 4
366 36 6 4
367 37 6 4
368 34 6 4
369 30 6 4
370 34 5 4
371 35 5 4
372 31 5 4
373 33 5 3
374 33 5 4
375 36 5 2
376 37 5 4
377 35 4 4
378 36 4 5
379 37 6 3
380 37 6 3
381 36 6 4
382 37 6 3
383 36 6 4
384 36 6 5
385 38 5 4
386 36 4 3
387 36 4 4
388 37 5 6
389 38 3 4
390 37 4 3
391 39 4 3
392 39 5 4
393 37 5 4
394 38 5 3
395 35 5 5
396 37 5 5
397 36 5 5
398 35 5 4
399 33 5 5
400 35 6 4
