0 0 0 0
1 0 0 0
2 0 0 0
3 0 0 0
4 0 0 0
5 0 0 0
6 0 0 0
7 0 0 0
8 1 0 0
9 1 0 0
10 1 0 0
11 1 0 0
12 1 0 0
13 1 0 0
14 2 0 0
15 2 0 0
16 1 0 0
17 1 0 0
18 2 0 0
19 2 0 0
20 2 0 0
21 2 0 0
22 1 0 1
23 3 0 1
24 4 0 0
25 5 0 0
26 7 0 1
27 4 0 1
28 5 0 0
29 7 0 0
30 5 0 1
31 7 0 1
32 7 0 1
33 8 0 1
34 9 0 1
35 7 0 1
36 7 0 0
37 8 0 1
38 9 0 0
39 9 0 1
40 9 0 1
41 13 0 0
42 15 0 2
43 14 0 2
44 15 0 1
45 14 0 2
46 14 0 2
47 14 0 1
48 14 0 2
49 15 0 1
50 12 0 2
51 13 0 2
52 12 0 1
53 12 0 2
54 14 0 2
55 12 0 1
56 11 0 1
57 10 0 2
58 14 0 1
59 15 0 1
60 13 0 2
61 16 0 2
62 17 0 2
63 19 0 2
64 17 0 2
65 14 0 2
66 18 0 2
67 18 0 2
68 18 0 2
69 21 0 2
70 20 0 2
71 22 0 2
72 21 0 2
73 20 0 2
74 20 0 2
75 21 0 2
76 22 0 1
77 22 0 2
78 21 0 2
79 20 0 2
80 23 0 2
81 23 0 2
82 23 0 2
83 24 0 2
84 24 0 2
85 23 0 2
86 23 0 2
87 23 0 2
88 22 0 2
89 21 0 2
90 21 0 2
91 21 0 2
92 20 0 2
93 21 0 2
94 24 0 2
95 24 0 2
96 23 0 2
97 23 0 2
98 21 0 2
99 23 0 2
100 22 0 2
101 22 0 2
102 16 0 2
103 15 0 2
104 16 0 1
105 17 0 2
106 18 0 2
107 18 0 1
108 18 0 1
109 17 0 2
110 19 0 2
111 17 0 1
112 18 0 0
113 21 0 2
114 21 0 2
115 22 0 2
116 20 0 2
117 20 0 2
118 21 0 2
119 19 0 2
120 19 0 2
121 19 0 1
122 20 0 2
123 20 0 2
124 21 0 1
125 21 0 1
126 20 0 1
127 20 0 2
128 23 0 1
129 23 0 2
130 24 0 2
131 24 0 2
132 24 0 1
133 20 0 2
134 20 0 2
135 18 0 2
136 15 0 3
137 18 0 2
138 19 0 2
139 19 0 2
140 18 0 1
141 20 0 1
142 20 0 1
143 17 0 3
144 16 0 1
145 16 0 1
146 16 0 2
147 18 0 1
148 16 0 2
149 18 0 2
150 17 0 2
151 15 0 2
152 14 0 1
153 17 0 2
154 18 0 3
155 21 0 0
156 22 0 1
157 22 0 2
158 22 0 2
159 23 0 1
160 24 0 2
161 22 0 1
162 21 0 3
163 22 0 3
164 24 0 2
165 23 0 1
166 21 0 3
167 19 0 3
168 19 0 2
169 19 0 2
170 22 0 2
171 23 0 2
172 23 0 3
173 21 0 3
174 22 0 3
175 22 0 3
176 21 0 3
177 22 0 3
178 22 0 2
179 23 0 3
180 21 0 4
181 19 0 4
182 17 0 2
183 16 0 2
184 16 0 3
185 14 0 3
186 17 0 4
187 19 0 3
188 19 0 3
189 22 0 3
190 20 0 4
191 23 0 3
192 24 0 3
193 22 0 3
194 21 0 4
195 22 0 4
196 21 0 3
197 21 0 4
198 21 0 4
199 23 0 4
200 22 0 4
201 23 0 4
202 24 0 4
203 21 0 4
204 23 0 4
205 21 0 4
206 21 0 3
207 23 0 3
208 20 0 3
209 19 0 4
210 21 0 4
211 23 0 4
212 19 0 4
213 17 0 2
214 15 0 5
215 14 0 5
216 19 0 5
217 21 0 4
218 22 0 4
219 21 0 5
220 23 0 5
221 21 0 5
222 23 0 4
223 24 0 4
224 24 0 4
225 22 0 5
226 25 0 5
227 24 0 5
228 25 0 5
229 24 0 3
230 25 0 4
231 28 0 5
232 25 0 4
233 27 0 4
234 25 0 4
235 23 0 4
236 21 0 2
237 24 0 4
238 23 0 4
239 25 0 3
240 22 0 4
241 22 0 3
242 23 0 3
243 21 0 5
244 22 0 5
245 24 0 3
246 25 0 5
247 23 0 4
248 24 0 4
249 23 0 4
250 23 0 2
251 25 0 3
252 26 0 3
253 23 0 5
254 19 0 3
255 22 0 5
256 26 0 4
257 24 0 4
258 25 0 5
259 23 0 5
260 22 0 4
261 23 0 4
262 25 0 4
263 26 0 5
264 23 0 5
265 25 0 4
266 22 0 4
267 23 0 5
268 23 0 5
269 23 0 5
270 26 0 4
271 24 0 5
272 23 0 5
273 26 0 4
274 27 0 4
275 28 0 3
276 27 0 3
277 24 0 5
278 25 0 3
279 25 0 4
280 27 0 3
281 28 0 4
282 26 0 5
283 26 0 5
284 24 0 5
285 26 0 5
286 26 0 5
287 24 0 5
288 26 0 5
289 25 0 5
290 26 0 5
291 25 0 5
292 23 0 5
293 23 0 5
294 27 0 5
295 26 0 5
296 27 0 5
297 26 0 6
298 27 0 6
299 28 0 5
300 25 0 3
301 27 0 7
302 26 0 7
303 26 0 6
304 24 0 6
305 25 0 5
306 27 0 5
307 28 0 5
308 24 0 7
309 24 0 6
310 23 0 7
311 25 0 4
312 24 0 7
313 23 0 6
314 24 0 5
315 26 0 6
316 26 0 5
317 26 0 6
318 24 0 6
319 23 0 7
320 22 0 7
321 26 0 6
322 27 0 8
323 29 0 7
324 30 0 7
325 29 0 4
326 24 0 5
327 27 0 7
328 26 0 7
329 26 0 7
330 29 0 5
331 26 0 6
332 26 0 5
333 26 0 6
334 25 0 7
335 27 0 6
336 26 0 7
337 26 0 7
338 24 0 7
339 22 0 6
340 22 0 6
341 23 0 7
342 22 0 8
343 28 0 6
344 25 0 6
345 28 0 6
346 31 0 8
347 32 0 7
348 32 0 6
349 30 0 7
350 27 0 7
351 27 0 7
352 26 0 7
353 27 0 8
354 28 0 7
355 28 0 8
356 29 0 8
357 30 0 8
358 26 0 6
359 28 0 5
360 30 0 7
361 32 0 7
362 33 0 6
363 34 0 7
364 31 0 8
365 30 0 8
366 28 0 7
367 28 0 5
368 30 0 7
369 28 0 8
370 27 0 7
371 27 0 7
372 27 0 8
373 25 0 8
374 23 0 8
375 26 0 8
376 29 0 8
377 29 0 8
378 28 0 8
379 31 0 8
380 31 0 8
381 32 0 7
382 34 0 7
383 34 0 7
384 34 0 7
385 33 0 8
386 33 0 6
387 33 0 7
388 28 0 6
389 27 0 7
390 30 0 8
391 31 0 7
392 34 0 8
393 35 1 7
394 35 0 7
395 34 0 8
396 36 0 8
397 38 0 7
398 37 0 8
399 38 0 8
400 37 0 8
