0 0 0 0
1 0 0 0
2 0 0 0
3 0 0 0
4 0 0 0
5 0 0 0
6 0 0 0
7 0 0 0
8 0 0 0
9 0 0 0
10 1 0 0
11 1 0 0
12 2 0 0
13 2 0 0
14 3 0 0
15 3 0 1
16 4 0 1
17 2 0 0
18 4 0 0
19 3 0 1
20 5 0 0
21 6 0 0
22 8 0 0
23 9 0 0
24 7 0 0
25 8 0 0
26 10 0 0
27 9 0 1
28 7 0 2
29 7 0 0
30 10 0 0
31 13 0 2
32 13 0 2
33 9 0 2
34 12 0 2
35 13 0 1
36 14 0 1
37 13 0 2
38 14 0 2
39 13 0 2
40 16 0 1
41 16 0 2
42 19 0 2
43 20 0 1
44 20 0 2
45 17 0 2
46 17 0 1
47 19 0 2
48 18 0 1
49 20 0 1
50 20 0 2
51 20 0 2
52 21 0 2
53 20 0 2
54 21 0 1
55 20 0 2
56 19 0 2
57 20 0 2
58 16 0 2
59 20 0 2
60 21 0 2
61 21 0 2
62 21 0 2
63 23 0 2
64 24 0 2
65 25 0 2
66 24 0 2
67 25 0 2
68 26 0 2
69 23 0 2
70 20 0 1
71 22 0 1
72 23 0 2
73 24 0 2
74 23 0 2
75 22 0 2
76 24 0 1
77 24 0 2
78 26 0 1
79 24 0 1
80 25 0 2
81 24 0 2
82 23 0 2
83 24 0 2
84 26 0 2
85 27 0 2
86 27 0 1
87 26 0 1
88 26 0 2
89 26 0 2
90 24 0 2
91 26 0 2
92 28 0 2
93 25 0 2
94 26 0 2
95 25 0 2
96 26 0 2
97 26 0 1
98 26 0 2
99 24 0 2
100 27 0 2
101 27 0 1
102 26 0 2
103 26 0 1
104 26 0 2
105 26 0 1
106 23 0 1
107 22 0 1
108 25 0 2
109 27 0 1
110 25 0 2
111 25 0 2
112 25 0 2
113 25 0 2
114 25 0 2
115 24 0 2
116 25 0 2
117 25 0 2
118 26 0 2
119 23 0 2
120 25 0 2
121 23 0 2
122 25 0 2
123 25 0 2
124 27 0 2
125 27 0 2
126 27 0 2
127 27 0 2
128 25 0 2
129 24 0 2
130 26 0 2
131 25 0 2
132 25 0 2
133 25 0 2
134 24 0 2
135 26 0 2
136 27 0 2
137 27 0 2
138 28 0 2
139 28 0 2
140 26 0 2
141 27 0 2
142 26 0 1
143 24 0 2
144 24 0 2
145 23 0 2
146 27 0 2
147 26 0 2
148 27 0 2
149 27 0 2
150 26 0 2
151 23 0 2
152 23 0 2
153 23 0 2
154 22 0 2
155 24 0 2
156 24 0 2
157 25 0 2
158 25 0 2
159 25 0 2
160 25 0 2
161 27 0 2
162 26 0 2
163 28 0 2
164 27 0 1
165 28 0 2
166 25 0 2
167 25 0 2
168 23 0 2
169 24 0 2
170 26 0 2
171 26 0 2
172 25 0 2
173 25 0 2
174 28 0 2
175 27 0 2
176 28 0 2
177 28 0 2
178 29 0 2
179 29 0 2
180 24 0 3
181 24 0 2
182 25 0 1
183 25 0 1
184 24 0 4
185 25 0 4
186 27 0 2
187 28 0 3
188 27 0 2
189 28 0 3
190 29 0 3
191 28 0 2
192 29 0 2
193 28 0 3
194 24 0 4
195 28 0 6
196 28 0 4
197 29 1 3
198 30 0 3
199 30 0 5
200 30 1 4
201 33 0 4
202 31 0 5
203 28 0 6
204 27 1 5
205 27 0 4
206 29 0 5
207 28 0 6
208 31 0 5
209 31 0 5
210 30 0 6
211 30 1 4
212 30 0 3
213 28 1 5
214 26 0 3
215 30 1 5
216 27 0 5
217 28 1 4
218 29 0 5
219 25 0 6
220 26 1 6
221 29 0 5
222 30 1 4
223 28 1 6
224 29 0 4
225 30 1 5
226 29 2 6
227 31 2 5
228 29 0 5
229 32 1 5
230 33 0 6
231 33 0 6
232 32 2 6
233 33 1 7
234 32 0 7
235 31 0 5
236 31 1 6
237 31 1 7
238 30 2 6
239 32 2 6
240 30 1 6
241 32 0 6
242 29 2 5
243 29 0 4
244 30 2 4
245 32 2 6
246 29 1 6
247 31 1 6
248 32 2 7
249 32 1 5
250 29 1 5
251 30 1 7
252 32 1 6
253 32 1 5
254 35 1 7
255 35 1 7
256 36 1 6
257 36 1 6
258 37 1 7
259 35 1 5
260 35 1 5
261 37 1 6
262 35 1 5
263 31 1 7
264 29 0 5
265 32 2 5
266 31 0 5
267 34 1 6
268 34 0 7
269 35 0 7
270 37 1 7
271 36 1 7
272 32 2 5
273 32 1 5
274 32 1 5
275 30 0 7
276 32 1 7
277 31 2 6
278 32 1 7
279 32 1 5
280 32 1 4
281 35 1 6
282 36 1 5
283 38 1 4
284 36 1 6
285 36 1 6
286 36 1 7
287 38 2 7
288 39 2 7
289 36 2 7
290 36 2 7
291 33 1 5
292 30 1 5
293 36 1 4
294 39 2 7
295 37 1 6
296 38 1 5
297 37 2 6
298 37 2 4
299 34 2 4
300 33 2 6
301 39 1 5
302 39 2 7
303 40 2 7
304 40 2 7
305 42 2 6
306 42 2 5
307 39 2 5
308 40 2 5
309 37 1 7
310 38 2 7
311 38 2 7
312 39 1 7
313 39 2 7
314 40 1 7
315 41 2 7
316 38 2 7
317 38 1 7
318 36 2 6
319 33 1 6
320 33 2 6
321 39 1 7
322 40 0 6
323 39 2 8
324 39 1 5
325 40 1 7
326 38 1 8
327 36 1 7
328 34 2 6
329 39 2 6
330 38 1 6
331 39 1 8
332 39 2 7
333 37 2 6
334 38 3 6
335 40 3 6
336 39 2 7
337 39 2 5
338 38 2 6
339 39 2 5
340 42 1 8
341 41 2 6
342 40 2 7
343 40 2 7
344 36 2 8
345 40 2 5
346 38 1 5
347 38 1 7
348 40 1 7
349 42 1 7
350 38 1 7
351 40 0 7
352 38 2 7
353 38 3 6
354 38 1 8
355 36 1 8
356 38 2 8
357 36 1 5
358 35 1 7
359 34 1 6
360 38 1 7
361 40 1 6
362 40 2 7
363 39 2 8
364 36 3 7
365 35 2 7
366 35 3 6
367 33 1 6
368 34 1 7
369 39 2 7
370 41 2 8
371 40 3 8
372 41 2 7
373 38 2 7
374 43 3 8
375 38 2 8
376 36 2 6
377 36 2 7
378 37 1 8
379 37 3 8
380 38 2 7
381 40 2 7
382 40 2 8
383 39 3 8
384 41 3 6
385 39 2 7
386 40 3 7
387 37 3 7
388 37 2 7
389 39 2 8
390 40 3 8
391 38 3 6
392 39 2 7
393 41 2 7
394 41 2 8
395 40 3 7
396 40 1 6
397 37 2 6
398 40 4 8
399 40 2 8
400 40 3 7
