0 0 0 0
1 0 0 0
2 0 0 0
3 0 0 0
4 0 0 0
5 0 0 0
6 0 0 0
7 0 0 0
8 0 0 0
9 0 0 0
10 0 0 0
11 0 0 0
12 0 0 0
13 0 0 0
14 0 0 0
15 1 0 0
16 1 0 0
17 0 0 0
18 0 0 0
19 1 0 0
20 1 0 0
21 1 0 0
22 4 0 0
23 5 0 0
24 5 0 0
25 4 0 0
26 3 0 0
27 4 0 0
28 6 0 0
29 5 0 0
30 3 0 0
31 4 0 0
32 5 0 0
33 9 0 0
34 9 0 0
35 8 0 0
36 8 0 0
37 9 0 0
38 9 0 0
39 8 0 0
40 8 0 0
41 9 0 0
42 13 0 0
43 13 0 0
44 11 0 0
45 9 0 0
46 12 0 0
47 12 0 0
48 13 0 0
49 11 0 0
50 13 0 0
51 14 0 0
52 13 0 0
53 14 0 0
54 13 0 0
55 12 0 0
56 11 0 0
57 14 0 0
58 13 0 0
59 13 0 0
60 15 0 1
61 16 0 1
62 14 0 0
63 16 0 0
64 16 0 0
65 19 0 1
66 14 0 0
67 15 0 0
68 18 0 0
69 18 0 1
70 18 0 1
71 15 0 0
72 15 0 0
73 19 0 1
74 17 0 1
75 16 0 0
76 15 0 1
77 17 0 1
78 19 0 1
79 20 0 0
80 18 0 1
81 18 0 1
82 21 0 1
83 20 0 1
84 18 0 0
85 18 0 0
86 21 0 1
87 20 0 1
88 20 0 1
89 21 0 0
90 20 0 0
91 19 0 1
92 19 0 1
93 22 0 1
94 20 0 0
95 20 0 0
96 20 0 1
97 21 0 1
98 21 0 1
99 21 0 1
100 19 0 0
101 17 0 0
102 16 0 1
103 17 0 1
104 19 0 0
105 19 0 0
106 18 0 1
107 19 0 1
108 19 0 1
109 20 0 0
110 19 0 0
111 18 0 1
112 17 0 1
113 17 0 0
114 17 0 0
115 15 0 1
116 16 0 1
117 18 0 1
118 17 0 1
119 18 0 1
120 17 0 1
121 19 0 1
122 20 0 1
123 18 0 0
124 18 0 0
125 19 0 1
126 18 0 1
127 18 0 0
128 18 0 0
129 18 0 1
130 16 0 1
131 16 0 0
132 16 0 0
133 13 0 0
134 14 0 1
135 14 0 1
136 14 0 0
137 15 0 0
138 18 0 1
139 18 0 1
140 17 0 0
141 16 0 0
142 15 0 0
143 14 0 1
144 16 0 0
145 14 0 0
146 14 0 0
147 16 0 1
148 15 0 0
149 14 0 0
150 15 0 0
151 17 0 0
152 15 0 1
153 16 0 1
154 15 0 0
155 14 0 1
156 13 0 1
157 13 0 1
158 14 0 1
159 14 0 0
160 10 0 0
161 10 0 0
162 13 0 1
163 11 0 0
164 9 0 0
165 12 0 0
166 11 0 1
167 11 0 1
168 12 0 0
169 11 0 0
170 14 0 0
171 15 0 1
172 16 0 0
173 15 0 0
174 15 0 0
175 15 0 0
176 13 0 1
177 14 0 0
178 12 0 0
179 14 0 0
180 13 0 0
181 15 0 1
182 18 0 2
183 17 0 1
184 17 0 1
185 16 0 2
186 16 0 2
187 16 0 1
188 16 0 1
189 15 0 2
190 14 0 2
191 14 0 2
192 16 0 1
193 15 0 1
194 12 0 2
195 15 0 2
196 19 0 3
197 17 0 3
198 15 0 0
199 13 0 1
200 16 0 3
201 16 0 2
202 16 0 3
203 15 0 2
204 15 0 2
205 15 0 3
206 15 0 2
207 16 0 1
208 17 0 2
209 17 0 2
210 16 0 2
211 15 0 2
212 12 0 1
213 11 0 3
214 12 0 3
215 13 0 2
216 11 0 2
217 15 0 2
218 15 0 2
219 12 0 3
220 13 0 3
221 17 0 2
222 18 0 2
223 16 0 3
224 18 0 3
225 16 0 3
226 17 0 1
227 19 0 2
228 16 0 3
229 17 0 3
230 16 0 3
231 16 0 4
232 16 0 4
233 15 0 2
234 16 0 1
235 16 0 1
236 16 0 3
237 17 0 4
238 18 0 4
239 17 0 4
240 18 0 4
241 18 0 4
242 18 0 4
243 18 0 4
244 15 0 2
245 16 0 3
246 16 0 4
247 15 0 4
248 16 0 2
249 17 0 2
250 16 0 2
251 17 0 3
252 18 0 3
253 17 0 2
254 17 0 3
255 19 0 4
256 18 0 3
257 17 0 2
258 17 0 3
259 19 0 2
260 18 0 4
261 17 0 5
262 17 0 3
263 18 0 3
264 18 0 5
265 20 0 4
266 19 0 3
267 18 0 3
268 16 0 3
269 18 0 4
270 19 0 2
271 17 0 3
272 17 0 3
273 17 0 4
274 16 0 5
275 15 0 5
276 19 0 4
277 18 0 4
278 18 0 5
279 18 0 4
280 17 0 3
281 17 0 4
282 16 0 3
283 16 0 4
284 20 0 4
285 19 0 3
286 18 0 2
287 20 0 3
288 20 0 4
289 20 0 5
290 18 0 2
291 18 0 4
292 17 0 4
293 17 0 4
294 18 0 4
295 18 0 4
296 20 0 5
297 20 0 5
298 18 0 4
299 18 0 5
300 19 0 5
301 19 0 4
302 20 0 4
303 21 0 5
304 20 0 4
305 19 0 4
306 19 0 4
307 20 0 4
308 19 0 4
309 15 0 4
310 18 0 4
311 19 0 5
312 21 0 5
313 19 0 4
314 19 0 3
315 19 0 5
316 20 0 4
317 20 0 4
318 22 0 4
319 21 0 5
320 22 0 5
321 23 0 5
322 18 0 4
323 22 0 5
324 21 0 5
325 22 0 4
326 21 0 4
327 21 0 6
328 22 0 5
329 20 0 5
330 18 0 4
331 18 0 5
332 22 0 5
333 19 0 5
334 19 0 4
335 20 0 6
336 20 0 6
337 21 0 3
338 19 0 4
339 21 0 5
340 19 0 4
341 20 0 3
342 18 0 5
343 18 0 5
344 24 0 6
345 24 0 6
346 24 0 5
347 22 0 5
348 20 0 6
349 20 0 5
350 21 0 5
351 21 0 5
352 23 0 5
353 27 0 5
354 26 0 5
355 23 0 5
356 24 0 6
357 25 0 6
358 26 0 5
359 27 0 4
360 29 0 6
361 30 0 7
362 29 0 6
363 28 0 6
364 27 0 7
365 28 0 7
366 25 0 5
367 25 0 7
368 28 0 7
369 27 0 7
370 24 0 7
371 25 0 7
372 23 0 7
373 25 0 7
374 27 0 7
375 27 0 7
376 25 0 7
377 26 0 6
378 26 0 6
379 25 0 7
380 24 0 7
381 30 0 7
382 29 0 6
383 28 0 6
384 27 0 6
385 28 0 6
386 28 0 7
387 31 0 4
388 32 0 6
389 29 0 8
390 29 0 8
391 31 0 8
392 31 0 8
393 30 0 5
394 30 0 6
395 32 0 7
396 31 0 7
397 33 0 8
398 30 0 9
399 32 0 8
400 27 0 7
