0 0 0 0
1 0 0 0
2 0 0 0
3 0 0 0
4 0 0 0
5 0 0 0
6 0 0 0
7 0 0 0
8 1 0 0
9 1 0 0
10 1 0 0
11 2 0 0
12 2 0 0
13 1 0 0
14 1 0 0
15 1 0 0
16 3 0 0
17 3 0 0
18 3 0 0
19 2 0 0
20 2 0 0
21 4 0 0
22 7 0 0
23 7 0 0
24 7 0 0
25 7 0 0
26 6 0 0
27 8 0 0
28 9 0 0
29 8 0 0
30 8 0 0
31 9 0 0
32 13 0 0
33 9 0 0
34 10 0 0
35 11 0 0
36 11 0 1
37 12 0 0
38 15 0 0
39 14 0 0
40 16 0 1
41 15 0 1
42 17 0 1
43 17 0 1
44 18 0 1
45 16 0 1
46 21 0 1
47 18 0 1
48 19 0 2
49 16 0 2
50 18 0 0
51 19 0 2
52 20 0 2
53 18 0 2
54 18 0 2
55 17 0 2
56 20 0 2
57 22 0 2
58 20 0 2
59 22 0 2
60 20 0 2
61 22 0 2
62 20 0 2
63 22 0 2
64 22 0 2
65 24 0 2
66 23 0 2
67 22 0 2
68 25 0 2
69 21 0 3
70 24 0 2
71 25 0 2
72 25 0 3
73 25 0 2
74 24 0 3
75 26 0 1
76 22 0 2
77 23 0 3
78 25 0 3
79 29 0 2
80 27 0 2
81 30 0 2
82 29 0 2
83 28 0 2
84 29 0 3
85 28 0 3
86 29 0 3
87 29 0 3
88 31 0 3
89 29 0 3
90 29 0 3
91 31 0 3
92 30 0 3
93 31 0 3
94 31 0 3
95 31 0 3
96 33 0 3
97 32 0 3
98 30 0 2
99 30 0 2
100 32 0 2
101 28 0 3
102 29 0 2
103 29 0 3
104 28 0 3
105 28 0 3
106 29 0 3
107 29 0 3
108 28 0 3
109 28 0 2
110 28 0 3
111 26 0 3
112 29 0 3
113 32 0 3
114 30 0 3
115 30 0 3
116 29 0 3
117 29 0 3
118 29 0 3
119 30 0 2
120 29 0 3
121 30 0 2
122 27 0 2
123 25 0 3
124 27 0 2
125 27 0 3
126 24 0 3
127 26 0 2
128 29 0 3
129 28 0 3
130 29 0 2
131 28 0 3
132 28 0 3
133 30 0 3
134 28 0 3
135 25 0 2
136 22 0 3
137 24 0 2
138 28 0 3
139 30 0 3
140 30 0 3
141 32 0 3
142 32 0 3
143 30 0 3
144 27 0 3
145 29 0 3
146 27 0 3
147 24 0 3
148 24 0 3
149 29 0 3
150 28 0 3
151 30 0 3
152 29 0 3
153 29 0 3
154 29 0 3
155 30 0 3
156 30 0 3
157 32 0 3
158 31 0 3
159 31 0 3
160 30 0 3
161 30 0 3
162 32 0 2
163 32 0 3
164 30 0 2
165 33 0 3
166 30 0 4
167 32 0 3
168 31 0 3
169 31 0 2
170 31 0 3
171 34 0 2
172 33 0 4
173 33 0 3
174 33 0 3
175 32 0 3
176 32 0 3
177 32 0 4
178 28 0 4
179 28 0 4
180 29 0 3
181 33 0 4
182 33 0 4
183 33 0 4
184 33 0 5
185 32 0 5
186 31 0 4
187 30 0 5
188 29 0 4
189 32 0 5
190 32 0 4
191 32 0 5
192 29 0 6
193 30 0 6
194 31 0 4
195 30 0 3
196 29 0 4
197 30 0 4
198 34 0 4
199 33 0 4
200 35 0 5
201 35 0 3
202 32 0 4
203 33 0 5
204 31 0 5
205 28 0 4
206 30 0 4
207 32 0 4
208 35 0 3
209 34 0 5
210 32 0 4
211 32 0 4
212 30 0 6
213 31 0 7
214 31 0 7
215 35 0 4
216 33 0 4
217 34 0 3
218 31 0 6
219 29 0 5
220 28 0 6
221 31 0 6
222 34 0 4
223 31 0 4
224 30 0 7
225 29 0 4
226 31 0 6
227 32 0 4
228 33 0 5
229 32 0 7
230 32 0 7
231 30 0 7
232 31 0 4
233 31 0 6
234 34 0 6
235 35 0 6
236 34 0 6
237 33 0 5
238 35 0 6
239 34 0 6
240 34 0 7
241 32 0 6
242 32 0 6
243 32 0 6
244 31 1 6
245 31 0 5
246 32 0 7
247 31 1 7
248 30 1 7
249 31 1 7
250 31 1 7
251 31 0 7
252 29 0 7
253 29 1 5
254 27 0 7
255 29 0 7
256 31 0 5
257 29 0 5
258 33 0 7
259 33 1 6
260 31 0 5
261 32 1 7
262 31 1 5
263 30 0 7
264 30 1 7
265 28 1 4
266 30 0 7
267 30 1 7
268 32 1 6
269 31 0 6
270 31 0 7
271 31 0 7
272 32 1 7
273 32 1 6
274 32 0 6
275 34 1 7
276 32 1 3
277 31 1 7
278 29 0 6
279 30 1 8
280 31 1 7
281 32 0 7
282 32 0 6
283 33 0 7
284 33 0 7
285 34 0 8
286 31 1 8
287 33 1 7
288 30 0 7
289 29 0 8
290 31 0 7
291 30 0 8
292 32 0 8
293 33 0 8
294 32 0 8
295 32 0 8
296 31 0 7
297 30 1 8
298 30 0 8
299 32 0 8
300 31 0 8
301 32 0 8
302 33 0 9
303 35 0 9
304 35 0 8
305 34 0 7
306 31 0 9
307 32 1 8
308 33 0 9
309 30 0 8
310 30 0 8
311 35 0 8
312 34 0 8
313 32 0 6
314 34 0 8
315 32 1 8
316 35 0 8
317 33 0 6
318 36 0 9
319 33 0 7
320 36 0 6
321 37 0 9
322 37 0 9
323 37 0 7
324 36 0 8
325 35 1 9
326 36 0 9
327 37 0 8
328 34 0 8
329 32 0 9
330 34 0 8
331 31 0 8
332 33 0 8
333 31 0 9
334 34 0 9
335 34 0 9
336 35 1 8
337 35 0 9
338 35 0 9
339 38 0 9
340 33 0 8
341 39 0 8
342 40 0 9
343 39 0 8
344 38 0 8
345 39 0 9
346 34 0 8
347 35 0 8
348 34 1 6
349 34 0 8
350 33 1 9
351 34 0 8
352 37 0 6
353 37 0 6
354 41 0 6
355 41 1 9
356 38 0 9
357 37 0 7
358 35 1 7
359 36 0 6
360 39 0 7
361 44 0 7
362 44 0 9
363 44 0 6
364 44 0 7
365 39 0 9
366 43 1 6
367 41 0 8
368 41 0 7
369 46 0 7
370 45 0 9
371 44 0 8
372 42 0 7
373 41 1 6
374 39 0 6
375 42 0 6
376 40 0 7
377 41 0 8
378 42 0 8
379 42 0 7
380 43 0 7
381 40 0 7
382 41 0 9
383 39 0 9
384 40 0 7
385 44 0 10
386 44 0 8
387 42 0 6
388 44 0 8
389 41 0 9
390 46 0 10
391 45 0 8
392 41 0 8
393 45 0 10
394 43 0 9
395 44 1 8
396 46 0 8
397 46 0 9
398 44 0 10
399 43 0 7
400 45 0 10
