0 0 0 0
1 0 0 0
2 0 0 0
3 0 0 0
4 0 0 0
5 0 0 0
6 0 0 0
7 0 0 0
8 0 0 0
9 0 0 0
10 0 0 0
11 0 0 0
12 0 0 0
13 0 0 0
14 0 0 0
15 0 0 0
16 1 0 0
17 3 0 0
18 1 0 0
19 0 0 0
20 0 0 0
21 0 0 0
22 2 0 0
23 2 0 0
24 2 0 0
25 2 0 0
26 3 0 0
27 3 0 0
28 3 0 0
29 3 0 0
30 2 0 0
31 3 0 0
32 3 0 0
33 4 0 0
34 4 0 0
35 4 0 0
36 3 0 0
37 4 0 0
38 5 0 0
39 5 0 0
40 6 0 0
41 8 0 0
42 8 0 0
43 10 0 0
44 8 0 0
45 8 0 0
46 7 0 0
47 7 0 0
48 9 0 0
49 8 0 0
50 7 0 0
51 12 0 0
52 12 0 0
53 11 0 0
54 7 0 0
55 10 0 0
56 11 0 0
57 12 0 0
58 10 0 0
59 7 0 0
60 10 0 0
61 9 0 0
62 11 0 0
63 11 0 0
64 12 0 0
65 14 0 0
66 10 0 0
67 11 0 0
68 12 0 0
69 14 0 0
70 13 0 0
71 13 0 0
72 14 0 0
73 14 0 0
74 16 0 0
75 16 0 0
76 16 0 0
77 14 0 0
78 15 0 0
79 17 0 0
80 17 0 0
81 16 0 0
82 15 0 0
83 15 0 0
84 17 0 0
85 17 0 0
86 15 0 0
87 14 0 0
88 17 0 0
89 18 0 0
90 18 0 0
91 18 0 0
92 16 0 0
93 16 0 0
94 16 0 0
95 17 0 0
96 18 0 0
97 18 0 0
98 17 0 0
99 17 0 0
100 16 0 0
101 16 0 0
102 17 0 0
103 14 0 0
104 17 0 0
105 15 0 0
106 15 0 0
107 14 0 0
108 15 0 0
109 13 0 0
110 13 0 0
111 14 0 0
112 13 0 0
113 14 0 0
114 14 0 0
115 15 0 0
116 17 0 0
117 17 0 0
118 16 0 0
119 17 0 0
120 16 0 0
121 15 0 0
122 13 0 0
123 11 0 0
124 9 0 0
125 10 0 0
126 10 0 0
127 10 0 0
128 10 0 0
129 11 0 0
130 11 0 0
131 12 0 0
132 11 0 0
133 11 0 0
134 13 0 0
135 13 0 0
136 11 0 0
137 11 0 0
138 13 0 0
139 14 0 0
140 14 0 0
141 14 0 0
142 12 0 0
143 11 0 0
144 10 0 0
145 13 0 0
146 13 0 0
147 12 0 0
148 12 0 0
149 12 0 0
150 13 0 0
151 13 0 0
152 12 0 0
153 12 0 0
154 12 0 0
155 12 0 0
156 11 0 0
157 14 0 0
158 16 0 0
159 14 0 0
160 13 0 0
161 11 0 0
162 13 0 0
163 15 0 0
164 13 0 0
165 13 0 0
166 13 0 0
167 13 0 0
168 14 0 0
169 13 0 0
170 15 0 0
171 15 0 0
172 15 0 0
173 14 0 0
174 15 0 0
175 14 0 0
176 15 0 0
177 15 0 0
178 15 0 0
179 15 0 0
180 15 1 0
181 14 1 0
182 14 1 0
183 13 1 0
184 14 1 0
185 12 0 0
186 14 0 0
187 15 0 0
188 11 0 0
189 11 0 0
190 12 0 0
191 10 0 0
192 11 0 0
193 11 0 0
194 10 0 0
195 12 0 0
196 11 0 0
197 13 0 0
198 15 0 0
199 15 0 0
200 17 0 0
201 18 0 0
202 14 0 0
203 11 0 0
204 12 0 0
205 10 0 0
206 14 0 0
207 14 0 0
208 14 0 0
209 18 0 0
210 16 0 0
211 18 0 0
212 16 0 0
213 18 0 0
214 19 0 0
215 15 0 0
216 14 0 0
217 16 0 0
218 17 0 0
219 17 0 0
220 17 0 0
221 17 0 0
222 15 0 0
223 14 0 0
224 15 0 0
225 13 0 0
226 13 0 0
227 14 1 0
228 15 0 0
229 18 0 0
230 17 0 0
231 15 0 0
232 16 0 0
233 16 0 0
234 14 1 0
235 16 0 0
236 17 0 0
237 18 1 0
238 20 0 0
239 21 1 0
240 20 1 0
241 21 0 0
242 18 1 0
243 17 0 0
244 16 0 0
245 14 0 0
246 12 0 0
247 13 0 0
248 13 0 0
249 12 0 0
250 16 0 0
251 14 0 0
252 16 0 0
253 19 0 0
254 19 0 0
255 17 0 0
256 16 0 0
257 13 0 0
258 17 0 0
259 17 0 0
260 13 0 0
261 19 0 0
262 18 0 0
263 15 0 0
264 13 0 0
265 16 0 0
266 18 0 0
267 18 0 0
268 18 0 0
269 18 0 0
270 17 0 0
271 15 1 0
272 16 1 0
273 17 1 0
274 17 1 0
275 17 1 0
276 17 1 0
277 14 1 0
278 15 1 0
279 15 1 0
280 15 1 0
281 17 1 0
282 20 1 0
283 19 1 0
284 16 1 0
285 15 1 0
286 16 1 0
287 16 1 0
288 13 1 0
289 12 1 0
290 12 1 0
291 14 1 0
292 17 1 0
293 17 1 0
294 18 1 0
295 16 1 0
296 17 1 0
297 18 1 0
298 18 0 0
299 19 0 0
300 14 0 0
301 14 1 0
302 15 0 0
303 16 0 0
304 20 0 0
305 18 1 0
306 22 0 0
307 23 0 0
308 21 0 0
309 20 1 0
310 17 0 0
311 16 1 0
312 18 0 0
313 17 1 0
314 18 0 1
315 17 1 1
316 15 0 0
317 15 1 0
318 16 0 0
319 14 1 0
320 16 1 0
321 14 2 0
322 14 1 0
323 16 1 0
324 15 1 0
325 17 1 0
326 15 1 0
327 16 1 0
328 14 1 0
329 17 1 0
330 19 0 0
331 18 1 0
332 19 0 0
333 18 0 0
334 17 1 0
335 18 0 0
336 21 1 0
337 18 1 0
338 18 1 0
339 19 1 0
340 17 0 0
341 19 1 0
342 18 0 0
343 16 1 0
344 13 0 0
345 18 1 0
346 19 0 0
347 21 1 0
348 21 0 0
349 21 1 0
350 22 1 0
351 20 1 0
352 21 0 0
353 18 0 0
354 16 1 0
355 17 0 0
356 19 0 0
357 20 0 0
358 18 0 0
359 20 0 0
360 20 0 0
361 21 0 0
362 22 0 0
363 20 0 0
364 20 0 0
365 18 0 0
366 20 0 0
367 22 1 0
368 20 0 0
369 20 1 0
370 16 0 0
371 19 1 0
372 18 0 0
373 19 1 0
374 19 0 0
375 18 0 0
376 18 0 0
377 19 0 0
378 20 0 0
379 21 0 0
380 18 0 0
381 19 0 0
382 19 0 0
383 16 0 0
384 16 0 0
385 14 1 0
386 15 0 0
387 17 0 0
388 15 0 0
389 17 0 0
390 17 0 0
391 17 0 0
392 18 0 0
393 18 0 0
394 22 0 0
395 24 0 0
396 24 0 0
397 21 0 0
398 22 0 0
399 20 0 0
400 21 1 0
