0 0 0 0
1 0 0 0
2 0 0 0
3 0 0 0
4 0 0 0
5 0 0 0
6 0 0 0
7 0 0 0
8 0 0 0
9 1 0 0
10 1 0 0
11 1 0 0
12 1 0 0
13 2 0 0
14 3 0 0
15 0 0 0
16 2 0 0
17 3 0 0
18 5 0 0
19 5 0 0
20 4 0 0
21 5 0 0
22 6 0 0
23 6 0 0
24 6 0 0
25 6 0 0
26 6 0 0
27 6 0 0
28 7 0 0
29 9 0 0
30 10 0 0
31 10 0 0
32 11 0 0
33 11 0 0
34 11 0 0
35 10 0 0
36 13 0 0
37 13 0 0
38 12 0 0
39 13 0 0
40 11 0 0
41 14 0 0
42 15 0 0
43 16 0 0
44 15 0 0
45 16 0 0
46 16 0 0
47 17 0 0
48 17 0 0
49 19 0 0
50 18 0 0
51 16 0 0
52 20 0 0
53 17 0 0
54 20 0 0
55 19 0 0
56 18 0 0
57 20 0 0
58 20 0 0
59 19 0 0
60 20 0 0
61 22 0 0
62 21 0 0
63 21 0 0
64 21 0 0
65 19 0 0
66 20 0 0
67 22 0 0
68 23 0 0
69 23 0 0
70 25 0 0
71 21 0 0
72 20 0 0
73 23 0 0
74 25 0 0
75 25 0 0
76 22 0 0
77 23 0 0
78 22 0 0
79 23 0 0
80 23 0 0
81 24 0 0
82 26 0 0
83 25 0 0
84 21 0 0
85 24 0 0
86 25 0 0
87 26 0 0
88 25 0 0
89 24 0 0
90 26 0 0
91 24 0 0
92 25 0 0
93 24 0 0
94 24 0 0
95 24 0 0
96 24 0 0
97 24 0 0
98 25 0 0
99 25 0 0
100 25 0 0
101 26 0 0
102 25 0 0
103 22 0 0
104 20 0 0
105 18 0 0
106 18 0 0
107 20 0 0
108 20 0 0
109 21 0 0
110 23 0 0
111 23 0 0
112 25 0 0
113 24 0 0
114 24 0 0
115 24 0 0
116 24 0 0
117 24 0 0
118 24 0 0
119 25 0 0
120 24 0 0
121 25 0 0
122 23 0 0
123 21 0 0
124 19 0 0
125 18 0 0
126 17 0 0
127 19 0 0
128 19 0 0
129 19 0 0
130 20 0 0
131 20 0 0
132 20 0 0
133 22 0 0
134 22 0 0
135 23 0 0
136 23 0 0
137 24 0 0
138 24 0 0
139 25 0 0
140 24 0 0
141 18 0 0
142 19 0 0
143 19 0 0
144 20 0 0
145 21 0 0
146 22 0 0
147 21 0 0
148 17 0 0
149 22 0 0
150 20 0 0
151 21 0 0
152 21 0 0
153 23 0 0
154 21 0 0
155 20 0 0
156 19 0 0
157 19 0 0
158 20 0 0
159 22 0 0
160 19 0 0
161 20 0 0
162 21 0 0
163 20 0 0
164 21 0 0
165 20 0 0
166 20 0 0
167 21 0 0
168 21 0 0
169 23 0 0
170 21 0 0
171 20 0 0
172 20 0 0
173 21 0 0
174 20 0 0
175 19 0 0
176 19 0 0
177 16 0 0
178 18 0 0
179 18 0 0
180 19 0 0
181 19 0 0
182 19 0 0
183 20 0 0
184 21 0 0
185 21 0 0
186 23 0 0
187 23 0 0
188 23 0 0
189 23 0 0
190 22 0 0
191 20 0 0
192 20 0 0
193 21 0 0
194 20 0 0
195 20 0 0
196 18 0 0
197 20 0 0
198 21 0 0
199 19 0 0
200 19 0 0
201 20 0 0
202 21 0 0
203 21 0 0
204 23 0 0
205 23 0 0
206 21 0 0
207 21 0 0
208 19 0 0
209 19 0 0
210 21 0 0
211 21 1 0
212 25 0 0
213 24 0 0
214 23 0 0
215 22 0 0
216 22 0 0
217 22 0 0
218 22 0 0
219 22 0 0
220 22 0 0
221 21 0 0
222 22 0 0
223 21 0 0
224 22 0 0
225 21 0 0
226 22 0 0
227 23 0 0
228 21 0 0
229 21 0 0
230 19 0 0
231 21 0 0
232 24 0 0
233 23 0 0
234 22 0 0
235 24 0 0
236 25 0 0
237 24 0 0
238 24 0 0
239 23 0 0
240 22 0 0
241 25 0 0
242 24 0 0
243 25 0 0
244 24 0 0
245 23 0 0
246 23 0 0
247 24 1 0
248 26 0 0
249 25 1 0
250 24 0 0
251 25 1 0
252 24 0 0
253 24 0 0
254 28 1 0
255 26 0 0
256 28 0 0
257 27 1 0
258 26 1 0
259 23 1 0
260 24 1 0
261 22 1 0
262 21 1 0
263 21 1 0
264 23 1 0
265 23 1 0
266 24 1 0
267 23 1 0
268 23 1 0
269 25 1 0
270 25 1 0
271 25 1 0
272 24 1 0
273 26 1 0
274 27 1 0
275 30 1 0
276 28 1 0
277 29 1 0
278 27 1 0
279 28 1 0
280 25 1 0
281 25 1 0
282 25 0 0
283 25 1 0
284 27 1 0
285 27 1 0
286 25 1 0
287 25 0 0
288 24 1 0
289 23 0 0
290 21 1 0
291 21 0 0
292 20 1 0
293 25 0 0
294 26 0 0
295 25 1 0
296 27 0 0
297 25 0 0
298 26 0 0
299 26 0 0
300 24 1 0
301 25 1 0
302 25 2 0
303 24 1 0
304 25 1 0
305 24 1 0
306 23 1 0
307 21 1 0
308 22 1 0
309 20 1 0
310 21 0 0
311 21 1 0
312 25 0 0
313 25 0 0
314 24 1 0
315 24 1 0
316 24 0 0
317 25 1 0
318 23 0 0
319 24 0 0
320 24 1 0
321 24 1 0
322 23 2 0
323 22 1 0
324 21 1 0
325 23 1 0
326 23 2 0
327 23 2 0
328 25 2 0
329 26 1 0
330 27 2 0
331 29 1 0
332 27 1 0
333 26 0 0
334 26 2 0
335 27 2 0
336 27 2 0
337 27 2 0
338 26 3 0
339 26 3 0
340 27 3 0
341 27 3 0
342 26 3 0
343 24 3 0
344 27 3 0
345 26 3 0
346 24 3 0
347 25 3 0
348 23 3 0
349 24 1 0
350 28 2 0
351 27 2 0
352 29 2 0
353 29 1 0
354 26 2 0
355 25 1 0
356 26 1 0
357 27 2 0
358 24 3 0
359 26 2 0
360 26 2 0
361 28 2 0
362 28 2 0
363 28 2 0
364 28 2 0
365 26 3 0
366 26 3 0
367 28 2 0
368 26 2 0
369 27 2 0
370 27 2 0
371 28 2 0
372 26 2 0
373 27 2 0
374 28 1 0
375 27 2 0
376 31 1 0
377 32 3 0
378 30 1 0
379 30 1 0
380 33 2 0
381 33 1 0
382 34 2 0
383 34 2 0
384 33 2 0
385 33 2 0
386 32 3 0
387 32 3 0
388 31 3 0
389 31 2 0
390 28 3 0
391 32 2 0
392 33 4 0
393 33 3 0
394 34 3 0
395 32 4 0
396 32 3 0
397 31 4 0
398 29 3 0
399 33 2 0
400 31 4 0
