0 0 0 0
1 0 0 0
2 0 0 0
3 0 0 0
4 0 0 0
5 0 0 0
6 0 0 0
7 0 0 0
8 0 0 0
9 1 0 0
10 1 0 0
11 1 0 0
12 1 0 0
13 1 0 0
14 1 0 0
15 1 0 0
16 1 0 0
17 2 0 0
18 2 0 0
19 2 0 0
20 3 0 0
21 4 0 0
22 4 0 0
23 4 0 0
24 4 0 0
25 5 0 0
26 6 0 0
27 5 0 0
28 4 0 0
29 6 0 0
30 6 0 0
31 8 0 0
32 7 0 0
33 9 0 0
34 10 0 0
35 9 0 0
36 7 0 0
37 8 0 0
38 7 0 0
39 8 0 0
40 8 0 0
41 9 0 0
42 10 0 0
43 11 0 0
44 11 0 0
45 13 0 0
46 11 0 0
47 11 0 0
48 13 0 0
49 13 0 0
50 13 0 0
51 14 0 0
52 13 0 0
53 13 0 0
54 12 0 0
55 13 0 0
56 13 0 0
57 17 0 0
58 15 0 0
59 15 0 0
60 16 0 0
61 17 0 0
62 17 0 0
63 17 0 0
64 17 0 0
65 17 0 0
66 17 0 0
67 18 0 0
68 18 0 0
69 17 0 0
70 17 0 0
71 18 0 0
72 17 0 0
73 19 0 0
74 17 0 0
75 19 0 0
76 19 0 0
77 20 0 0
78 20 0 0
79 20 0 0
80 18 0 0
81 20 0 0
82 21 0 0
83 20 0 0
84 21 0 0
85 22 0 0
86 21 0 0
87 19 0 0
88 19 0 0
89 21 0 0
90 22 0 0
91 23 0 0
92 19 0 0
93 21 0 0
94 22 0 0
95 22 0 0
96 21 0 0
97 21 0 0
98 22 0 0
99 22 0 0
100 22 0 0
101 22 0 0
102 21 0 0
103 17 0 0
104 18 0 0
105 19 0 0
106 19 0 0
107 21 0 0
108 21 0 0
109 20 0 0
110 20 0 0
111 20 0 0
112 20 0 0
113 20 0 0
114 19 0 0
115 17 0 0
116 16 0 0
117 18 0 0
118 16 0 0
119 15 0 0
120 15 0 0
121 14 0 0
122 16 0 0
123 17 0 0
124 17 0 0
125 18 0 0
126 17 0 0
127 16 0 0
128 19 0 0
129 18 0 0
130 20 0 0
131 20 0 0
132 18 0 0
133 20 0 0
134 19 0 0
135 19 0 0
136 18 0 0
137 19 0 0
138 18 0 0
139 20 0 0
140 21 0 0
141 20 0 0
142 16 0 0
143 16 0 0
144 19 0 0
145 22 0 0
146 20 0 0
147 21 0 0
148 19 0 0
149 17 0 0
150 20 0 0
151 19 0 0
152 18 0 0
153 15 0 0
154 17 0 0
155 18 0 0
156 21 0 0
157 21 0 0
158 20 0 0
159 21 0 0
160 17 0 0
161 19 0 0
162 19 0 0
163 21 0 0
164 17 0 0
165 15 0 0
166 19 0 0
167 21 0 0
168 21 0 0
169 20 0 0
170 18 0 0
171 17 0 0
172 21 0 0
173 21 0 0
174 19 0 0
175 20 0 0
176 20 0 0
177 19 0 0
178 20 0 0
179 20 0 0
180 22 0 1
181 24 0 0
182 20 0 1
183 21 0 2
184 19 0 2
185 19 0 1
186 22 0 1
187 24 0 2
188 24 0 1
189 20 0 1
190 19 0 1
191 18 0 1
192 17 0 1
193 18 0 2
194 19 0 1
195 21 0 2
196 20 0 2
197 18 0 1
198 21 0 2
199 19 0 1
200 21 0 1
201 22 0 1
202 23 0 1
203 23 0 2
204 21 0 2
205 22 0 1
206 21 0 2
207 23 0 2
208 22 0 1
209 21 0 1
210 21 0 1
211 21 0 1
212 21 0 2
213 22 0 2
214 23 0 1
215 24 0 1
216 23 0 1
217 21 0 2
218 21 0 1
219 21 0 2
220 19 0 1
221 19 0 1
222 20 0 2
223 22 0 1
224 22 0 1
225 22 0 3
226 22 0 2
227 23 0 2
228 22 0 2
229 21 0 2
230 22 0 2
231 24 0 3
232 24 0 2
233 22 0 3
234 22 0 1
235 23 0 2
236 21 0 3
237 22 0 1
238 22 0 2
239 22 0 2
240 19 0 1
241 20 0 2
242 18 0 3
243 23 0 3
244 24 0 2
245 25 0 2
246 22 0 2
247 21 0 2
248 23 0 2
249 22 0 2
250 22 0 3
251 23 0 3
252 21 0 2
253 21 0 1
254 23 0 3
255 25 0 1
256 24 0 3
257 22 0 3
258 24 0 1
259 23 0 3
260 21 0 3
261 23 0 1
262 23 0 3
263 24 0 1
264 23 0 1
265 23 0 3
266 26 0 2
267 26 0 2
268 24 0 3
269 27 0 3
270 26 0 2
271 23 0 3
272 23 0 2
273 23 0 3
274 25 0 2
275 28 0 2
276 23 0 3
277 25 0 3
278 24 0 1
279 24 0 3
280 25 0 3
281 26 0 1
282 25 0 2
283 26 0 3
284 25 0 3
285 25 0 3
286 25 0 3
287 26 0 3
288 27 0 2
289 26 0 2
290 26 0 2
291 24 0 2
292 25 0 1
293 27 0 1
294 25 0 3
295 23 0 3
296 25 0 1
297 24 0 1
298 23 0 2
299 21 0 2
300 23 0 2
301 22 0 2
302 19 0 2
303 20 0 3
304 23 0 3
305 22 0 3
306 26 0 3
307 26 0 2
308 26 0 1
309 26 0 3
310 25 0 4
311 24 0 4
312 26 0 3
313 25 0 4
314 24 0 4
315 25 0 4
316 24 0 4
317 25 0 3
318 27 0 4
319 29 0 4
320 29 0 3
321 30 0 3
322 31 0 4
323 30 0 3
324 30 0 4
325 30 0 4
326 30 0 3
327 31 0 3
328 29 0 3
329 30 0 3
330 27 0 4
331 24 0 3
332 25 0 3
333 25 0 3
334 26 0 3
335 26 0 4
336 28 0 3
337 26 0 2
338 24 0 3
339 28 0 4
340 26 0 2
341 28 0 3
342 28 0 3
343 30 0 3
344 30 0 2
345 31 0 2
346 30 0 1
347 27 0 4
348 29 0 4
349 29 0 2
350 28 0 1
351 31 0 2
352 32 0 3
353 33 0 3
354 32 0 2
355 30 0 2
356 29 0 2
357 28 0 3
358 29 0 4
359 29 0 4
360 27 0 2
361 27 0 2
362 27 0 4
363 27 0 3
364 28 0 1
365 27 0 4
366 26 0 3
367 30 0 1
368 27 0 2
369 27 0 2
370 29 0 4
371 26 0 3
372 26 0 3
373 27 0 2
374 27 0 3
375 28 0 4
376 27 0 2
377 28 0 2
378 28 0 4
379 26 0 3
380 27 0 2
381 28 0 3
382 28 0 3
383 27 0 3
384 26 0 4
385 24 0 4
386 29 0 2
387 29 0 4
388 28 0 3
389 27 0 2
390 27 0 2
391 28 0 3
392 28 0 4
393 30 0 2
394 28 0 1
395 28 0 3
396 28 0 2
397 24 0 2
398 26 0 1
399 24 0 4
400 24 0 2
