0 0 0 0
1 0 0 0
2 0 0 0
3 0 0 0
4 0 0 0
5 0 0 0
6 0 0 0
7 0 0 0
8 0 0 0
9 0 0 0
10 0 0 0
11 0 0 0
12 0 0 0
13 0 0 0
14 1 0 0
15 1 0 0
16 0 0 0
17 0 0 0
18 0 0 0
19 1 0 0
20 2 0 0
21 2 0 0
22 1 0 1
23 2 0 0
24 3 0 0
25 4 0 1
26 2 0 0
27 4 0 0
28 4 0 1
29 4 0 0
30 4 0 0
31 4 0 1
32 5 0 0
33 5 0 0
34 6 0 1
35 9 0 0
36 7 0 0
37 8 0 0
38 9 0 0
39 8 0 0
40 8 0 0
41 9 0 0
42 12 0 1
43 12 0 1
44 13 0 0
45 12 0 0
46 10 0 0
47 11 0 1
48 12 0 1
49 12 0 0
50 14 0 0
51 12 0 0
52 11 0 1
53 13 0 0
54 13 0 0
55 14 0 0
56 16 0 1
57 15 0 0
58 15 0 1
59 15 0 0
60 11 0 0
61 14 0 1
62 17 0 1
63 17 0 0
64 16 0 1
65 14 0 1
66 15 0 1
67 15 0 1
68 16 0 0
69 15 0 1
70 16 0 1
71 15 0 1
72 19 0 0
73 17 0 1
74 16 0 0
75 14 0 0
76 16 0 1
77 15 0 1
78 15 0 0
79 17 0 0
80 14 0 0
81 18 0 1
82 19 0 1
83 19 0 0
84 17 0 1
85 19 0 1
86 21 0 1
87 19 0 1
88 20 0 1
89 18 0 0
90 20 0 1
91 19 0 0
92 21 0 1
93 19 0 1
94 20 0 1
95 21 0 0
96 21 0 1
97 20 0 1
98 20 0 1
99 21 0 0
100 21 0 1
101 18 0 0
102 16 0 0
103 15 0 0
104 15 0 1
105 16 0 1
106 14 0 0
107 15 0 0
108 14 0 0
109 17 0 1
110 17 0 1
111 19 0 1
112 20 0 1
113 20 0 1
114 18 0 1
115 17 0 1
116 16 0 1
117 15 0 1
118 15 0 1
119 13 0 1
120 13 0 1
121 14 0 1
122 13 0 1
123 13 0 1
124 16 0 1
125 14 0 0
126 15 0 0
127 14 0 0
128 13 0 1
129 13 0 1
130 15 0 1
131 13 0 1
132 13 0 1
133 14 0 1
134 14 0 1
135 13 0 0
136 15 0 0
137 13 0 1
138 17 0 1
139 18 0 1
140 17 0 1
141 17 0 1
142 14 0 1
143 16 0 1
144 15 0 1
145 14 0 1
146 15 0 1
147 15 0 1
148 16 0 1
149 14 0 1
150 16 0 1
151 19 0 1
152 20 0 1
153 19 0 1
154 19 0 1
155 18 0 1
156 13 0 1
157 14 0 1
158 15 0 1
159 15 0 1
160 14 0 1
161 14 0 1
162 14 0 1
163 14 0 0
164 14 0 1
165 16 0 1
166 15 0 1
167 15 0 1
168 15 0 1
169 19 0 1
170 19 0 1
171 19 0 1
172 13 0 1
173 15 0 1
174 15 0 1
175 15 0 1
176 16 0 1
177 14 0 1
178 20 0 0
179 18 0 0
180 16 0 1
181 18 0 1
182 18 0 1
183 18 0 1
184 16 0 1
185 15 0 1
186 17 0 1
187 18 0 0
188 17 0 1
189 18 0 1
190 19 0 1
191 19 0 1
192 18 0 1
193 19 0 1
194 17 0 1
195 17 0 1
196 16 0 1
197 16 0 1
198 18 0 1
199 17 0 1
200 16 0 1
201 19 0 1
202 18 0 0
203 19 0 1
204 19 0 1
205 19 0 0
206 18 0 1
207 15 0 1
208 12 0 0
209 12 0 0
210 13 0 1
211 12 0 1
212 15 0 0
213 14 0 1
214 16 0 1
215 17 0 0
216 15 0 1
217 19 0 1
218 18 0 1
219 16 0 1
220 15 0 1
221 14 0 1
222 15 0 1
223 17 0 1
224 18 0 1
225 17 0 0
226 16 0 0
227 15 0 1
228 14 0 1
229 14 0 0
230 13 0 1
231 15 0 1
232 13 0 1
233 13 0 1
234 13 0 0
235 13 0 1
236 14 0 0
237 19 0 1
238 19 0 1
239 19 0 0
240 21 0 1
241 19 0 0
242 18 0 0
243 14 0 0
244 14 0 1
245 13 0 0
246 12 0 0
247 15 0 1
248 15 0 1
249 17 0 0
250 16 0 1
251 13 0 1
252 14 0 1
253 15 0 1
254 16 0 1
255 20 0 1
256 18 0 0
257 15 0 0
258 15 0 0
259 16 0 2
260 15 0 2
261 15 0 1
262 15 0 1
263 16 0 1
264 19 0 1
265 17 0 0
266 16 0 1
267 12 0 1
268 13 0 2
269 13 0 1
270 13 0 1
271 15 0 0
272 20 0 1
273 19 0 1
274 20 0 1
275 18 0 1
276 18 0 1
277 18 0 1
278 20 0 1
279 20 0 2
280 18 0 1
281 18 0 1
282 18 0 1
283 16 0 1
284 17 0 0
285 18 0 1
286 18 0 2
287 19 0 1
288 20 0 1
289 22 0 1
290 22 0 2
291 22 0 2
292 17 0 2
293 15 0 1
294 16 0 1
295 18 0 1
296 16 0 1
297 18 0 2
298 19 0 2
299 16 0 2
300 17 0 2
301 18 0 2
302 19 0 1
303 21 0 1
304 20 0 1
305 19 0 1
306 18 0 1
307 19 0 1
308 19 0 1
309 20 0 1
310 19 0 1
311 16 0 1
312 18 0 1
313 17 0 1
314 14 0 1
315 14 0 1
316 16 0 1
317 15 0 1
318 17 0 1
319 17 0 1
320 18 0 1
321 19 0 1
322 17 0 1
323 19 0 2
324 19 0 2
325 17 0 2
326 19 0 1
327 18 0 1
328 18 0 1
329 17 0 1
330 20 0 1
331 17 0 1
332 15 0 1
333 16 0 1
334 16 0 2
335 17 0 1
336 16 0 2
337 17 0 2
338 16 0 2
339 17 0 1
340 16 0 1
341 15 1 1
342 16 0 1
343 17 0 1
344 17 0 2
345 17 0 2
346 16 0 1
347 17 0 1
348 18 0 1
349 17 0 1
350 14 0 1
351 15 0 1
352 17 0 1
353 17 0 1
354 18 0 1
355 17 0 1
356 13 0 1
357 13 0 1
358 17 0 1
359 16 0 2
360 15 0 2
361 14 0 2
362 13 0 2
363 13 0 2
364 16 0 2
365 17 0 2
366 17 0 2
367 19 0 2
368 19 0 2
369 13 0 2
370 15 0 2
371 14 0 2
372 13 0 2
373 16 0 2
374 16 0 2
375 16 0 2
376 15 0 2
377 16 0 2
378 16 0 2
379 13 0 2
380 16 0 2
381 18 0 2
382 17 0 2
383 17 0 2
384 17 0 2
385 18 0 2
386 20 0 2
387 16 0 2
388 13 0 2
389 13 0 2
390 17 0 2
391 17 0 2
392 18 0 2
393 19 0 2
394 18 0 2
395 17 0 2
396 16 0 2
397 18 0 2
398 19 0 2
399 18 0 2
400 18 0 2
