0 0 0 0
1 0 0 0
2 0 0 0
3 0 0 0
4 0 0 0
5 0 0 0
6 0 0 0
7 0 0 0
8 0 0 0
9 1 0 0
10 1 0 0
11 2 0 0
12 2 0 0
13 2 0 0
14 1 0 0
15 1 0 0
16 1 0 0
17 1 0 0
18 2 0 0
19 1 0 1
20 3 0 0
21 2 0 1
22 3 0 1
23 2 0 1
24 2 0 0
25 2 0 0
26 2 0 0
27 4 0 0
28 4 0 1
29 4 0 1
30 3 0 1
31 4 0 0
32 3 0 0
33 4 0 1
34 6 0 1
35 6 0 1
36 5 0 1
37 6 0 1
38 6 0 1
39 10 0 1
40 12 0 1
41 11 0 1
42 12 0 1
43 13 0 1
44 10 0 1
45 12 0 1
46 14 0 1
47 14 0 1
48 14 0 0
49 14 0 1
50 13 0 1
51 15 0 1
52 16 0 1
53 15 0 1
54 18 0 1
55 15 0 1
56 14 0 1
57 17 0 1
58 16 0 1
59 16 0 1
60 16 0 1
61 15 0 1
62 19 0 1
63 20 0 1
64 16 0 1
65 17 0 1
66 17 0 1
67 19 0 1
68 19 0 1
69 16 0 1
70 18 0 1
71 18 0 1
72 17 0 1
73 17 0 1
74 20 0 1
75 19 0 0
76 17 0 1
77 17 0 1
78 16 0 0
79 19 0 1
80 21 0 2
81 20 0 2
82 18 0 2
83 21 0 2
84 19 0 1
85 22 0 2
86 21 0 1
87 21 0 0
88 22 0 0
89 20 0 0
90 21 0 0
91 20 0 0
92 17 0 0
93 16 0 1
94 15 0 0
95 19 0 0
96 18 0 1
97 17 0 1
98 21 0 2
99 21 0 1
100 18 0 1
101 18 0 2
102 17 0 2
103 18 0 2
104 18 0 2
105 19 0 3
106 17 0 3
107 16 0 2
108 20 0 1
109 20 0 1
110 20 0 2
111 20 0 0
112 22 0 1
113 22 0 3
114 20 0 3
115 20 0 3
116 20 0 4
117 18 0 4
118 17 0 2
119 18 1 1
120 18 0 0
121 16 0 3
122 18 0 3
123 16 0 4
124 18 1 4
125 18 0 3
126 19 0 3
127 19 0 4
128 21 0 3
129 22 0 3
130 23 1 4
131 23 0 2
132 22 0 3
133 18 0 3
134 18 0 3
135 20 0 5
136 19 0 2
137 16 0 0
138 16 0 2
139 17 0 4
140 17 0 4
141 19 0 3
142 18 0 2
143 18 0 2
144 19 0 4
145 20 0 3
146 20 0 4
147 19 0 4
148 20 0 4
149 18 0 5
150 20 0 7
151 20 0 6
152 20 0 5
153 20 0 6
154 19 0 7
155 16 0 7
156 17 0 5
157 16 0 6
158 18 0 7
159 16 0 6
160 17 0 4
161 18 0 6
162 20 0 7
163 20 0 6
164 19 0 5
165 21 0 5
166 20 0 6
167 17 0 8
168 20 0 4
169 16 0 8
170 19 0 8
171 20 0 6
172 18 0 6
173 17 0 6
174 18 0 6
175 15 1 6
176 16 1 6
177 18 1 8
178 20 1 6
179 22 1 6
180 20 1 6
181 23 1 7
182 22 1 8
183 20 1 8
184 20 1 7
185 22 1 8
186 23 1 5
187 20 1 7
188 19 1 7
189 22 1 6
190 25 1 7
191 28 1 7
192 31 1 6
193 25 1 7
194 23 1 7
195 23 1 8
196 18 1 6
197 22 1 7
198 21 1 6
199 25 1 8
200 24 1 8
201 26 1 8
202 27 1 7
203 28 1 7
204 27 1 6
205 27 1 6
206 27 1 7
207 27 1 8
208 30 1 6
209 31 1 7
210 28 1 8
211 28 1 7
212 30 1 4
213 26 1 8
214 26 1 7
215 28 1 6
216 24 1 6
217 28 1 8
218 26 1 8
219 25 1 6
220 25 1 6
221 26 1 8
222 30 1 8
223 29 1 7
224 28 1 7
225 31 1 8
226 33 1 9
227 33 1 5
228 34 1 7
229 32 1 6
230 33 1 6
231 32 1 7
232 29 1 7
233 30 1 8
234 29 1 7
235 29 1 7
236 28 1 7
237 26 1 7
238 27 1 7
239 26 1 8
240 29 1 9
241 29 1 8
242 32 1 8
243 29 1 7
244 32 1 7
245 34 1 9
246 34 1 9
247 35 1 9
248 34 1 9
249 31 1 8
250 34 1 9
251 32 1 8
252 32 1 7
253 33 1 6
254 33 1 8
255 35 1 7
256 34 1 9
257 30 1 9
258 29 1 7
259 30 1 8
260 30 1 6
261 31 1 9
262 32 1 10
263 32 1 8
264 33 1 8
265 33 1 10
266 36 1 10
267 38 1 9
268 38 1 9
269 33 1 8
270 37 1 9
271 36 1 9
272 33 1 9
273 36 1 9
274 37 1 8
275 37 1 8
276 37 1 8
277 35 1 9
278 30 1 10
279 32 1 9
280 34 1 9
281 35 1 9
282 35 1 10
283 33 1 10
284 32 1 9
285 32 1 9
286 36 1 9
287 34 1 9
288 33 1 9
289 35 1 9
290 31 1 9
291 34 1 10
292 33 1 9
293 35 1 8
294 36 1 8
295 36 1 9
296 36 1 9
297 38 1 8
298 36 1 9
299 39 0 9
300 39 1 9
301 36 1 9
302 40 1 9
303 37 1 9
304 39 1 9
305 38 1 9
306 38 1 10
307 38 1 10
308 37 1 8
309 37 1 7
310 37 1 10
311 38 1 10
312 41 1 9
313 37 1 9
314 34 1 7
315 37 1 9
316 35 1 10
317 32 1 9
318 32 1 9
319 33 1 8
320 33 1 8
321 37 1 9
322 40 1 9
323 40 1 9
324 40 1 10
325 40 1 9
326 39 1 9
327 38 1 9
328 38 1 10
329 38 1 10
330 36 1 7
331 36 1 8
332 37 1 9
333 34 1 10
334 38 1 10
335 37 1 10
336 40 1 10
337 40 1 9
338 42 1 8
339 40 1 9
340 38 1 10
341 44 1 8
342 40 1 9
343 41 1 9
344 41 1 10
345 41 1 9
346 38 1 8
347 39 1 7
348 40 1 9
349 39 1 10
350 38 1 10
351 36 1 8
352 40 1 8
353 36 1 9
354 34 1 10
355 39 1 10
356 42 1 9
357 41 1 8
358 40 1 10
359 41 1 10
360 36 1 9
361 39 1 10
362 38 1 9
363 39 1 10
364 40 1 10
365 41 1 9
366 43 1 10
367 43 1 10
368 42 1 9
369 39 1 9
370 42 1 9
371 43 1 8
372 44 1 10
373 42 1 9
374 41 1 9
375 41 1 10
376 40 1 10
377 40 1 9
378 41 1 8
379 40 1 10
380 42 1 10
381 42 1 10
382 41 1 9
383 43 1 10
384 43 1 9
385 40 1 9
386 41 1 9
387 39 1 7
388 39 1 9
389 39 1 9
390 37 1 10
391 39 1 8
392 36 1 9
393 41 1 10
394 40 1 9
395 38 1 9
396 37 1 9
397 38 1 9
398 39 1 8
399 38 1 7
400 41 1 8
