0 0 0 0
1 0 0 0
2 0 0 0
3 0 0 0
4 0 0 0
5 0 0 0
6 0 0 0
7 0 0 0
8 0 0 0
9 0 0 0
10 1 0 0
11 1 0 0
12 1 0 0
13 1 0 0
14 1 0 0
15 2 0 0
16 1 0 0
17 1 0 0
18 1 0 0
19 1 0 0
20 2 0 0
21 3 0 0
22 2 0 0
23 3 0 0
24 4 0 0
25 4 0 0
26 3 0 0
27 5 0 0
28 6 0 0
29 3 0 0
30 4 0 0
31 6 0 0
32 7 0 0
33 6 0 0
34 5 0 0
35 6 0 0
36 6 0 0
37 8 0 0
38 7 0 0
39 7 0 0
40 7 0 0
41 8 0 0
42 9 0 0
43 7 0 0
44 8 0 0
45 7 0 0
46 9 0 0
47 8 0 0
48 7 0 0
49 7 0 0
50 8 0 0
51 8 0 0
52 8 0 0
53 8 0 0
54 7 0 0
55 9 0 0
56 8 0 0
57 7 0 0
58 8 0 0
59 8 0 0
60 11 0 0
61 10 0 0
62 13 0 0
63 11 0 0
64 8 0 0
65 11 0 0
66 12 0 0
67 11 0 0
68 11 0 0
69 10 0 0
70 11 0 0
71 12 0 0
72 13 0 0
73 13 0 0
74 13 0 0
75 15 0 0
76 12 0 0
77 11 0 0
78 12 0 0
79 13 0 0
80 13 0 0
81 14 0 0
82 14 0 0
83 13 0 0
84 12 0 0
85 12 0 0
86 14 0 0
87 12 0 0
88 14 0 0
89 14 0 0
90 15 0 0
91 14 0 0
92 17 0 0
93 14 0 0
94 16 0 0
95 13 0 0
96 16 0 0
97 19 0 0
98 15 0 0
99 17 0 0
100 19 0 0
101 18 0 0
102 17 0 0
103 17 0 0
104 15 0 0
105 14 0 0
106 15 0 0
107 14 0 0
108 12 0 0
109 14 0 0
110 12 0 0
111 9 0 0
112 11 0 0
113 11 0 0
114 11 0 0
115 13 0 0
116 13 0 0
117 11 0 0
118 12 0 0
119 14 0 0
120 11 0 0
121 8 0 0
122 10 0 0
123 7 0 0
124 10 0 0
125 11 0 0
126 14 0 0
127 14 0 0
128 14 0 0
129 12 0 0
130 12 0 0
131 13 0 0
132 16 0 0
133 17 0 0
134 15 0 0
135 13 0 0
136 11 0 0
137 10 0 0
138 11 0 0
139 12 0 0
140 11 0 0
141 14 0 0
142 16 0 0
143 13 0 0
144 13 0 0
145 11 0 0
146 14 0 0
147 11 0 0
148 11 0 0
149 13 0 0
150 16 0 0
151 14 0 0
152 11 0 0
153 13 0 0
154 15 0 0
155 14 0 0
156 15 0 0
157 12 0 0
158 14 0 0
159 13 0 0
160 14 0 0
161 13 0 0
162 14 0 0
163 15 0 0
164 16 0 0
165 17 0 0
166 16 0 0
167 16 0 0
168 17 0 0
169 15 0 0
170 16 0 0
171 14 0 0
172 11 0 0
173 12 0 0
174 13 0 0
175 12 0 0
176 13 0 0
177 13 0 0
178 14 0 0
179 12 0 0
180 12 0 0
181 11 0 0
182 13 0 0
183 15 0 0
184 16 0 0
185 17 0 0
186 16 0 0
187 16 0 0
188 15 0 0
189 16 0 0
190 14 0 0
191 11 0 0
192 11 0 0
193 12 0 0
194 11 0 0
195 11 0 0
196 11 0 0
197 12 0 0
198 14 0 0
199 15 0 0
200 14 0 0
201 14 0 0
202 12 0 0
203 11 0 0
204 10 0 0
205 11 0 0
206 9 0 0
207 13 0 0
208 13 0 0
209 12 0 0
210 12 0 0
211 12 0 0
212 14 0 0
213 16 0 0
214 16 0 0
215 18 0 0
216 19 0 0
217 18 0 0
218 17 0 0
219 17 0 0
220 15 0 0
221 16 0 0
222 15 0 0
223 15 0 0
224 16 0 0
225 16 0 0
226 18 0 0
227 15 0 0
228 15 0 0
229 15 0 0
230 14 0 0
231 12 0 0
232 14 0 0
233 16 0 0
234 15 0 1
235 17 0 0
236 15 0 0
237 15 0 0
238 15 0 0
239 15 0 0
240 14 0 1
241 15 0 0
242 16 0 0
243 14 0 0
244 14 0 0
245 12 0 1
246 15 0 0
247 16 0 0
248 16 0 1
249 16 0 1
250 17 0 0
251 16 0 0
252 17 0 1
253 17 0 0
254 15 0 2
255 16 0 2
256 15 0 0
257 14 0 0
258 13 0 2
259 12 0 0
260 13 0 1
261 16 0 1
262 15 0 1
263 13 0 1
264 12 0 2
265 13 0 1
266 14 0 1
267 15 0 0
268 15 0 1
269 16 0 1
270 14 0 0
271 16 0 1
272 14 0 1
273 16 0 1
274 17 0 2
275 18 0 2
276 15 0 1
277 17 0 1
278 16 0 1
279 15 0 0
280 14 0 1
281 15 0 1
282 15 0 2
283 16 0 2
284 17 0 1
285 18 0 1
286 18 0 2
287 15 0 0
288 13 0 2
289 14 0 1
290 17 0 2
291 15 0 2
292 15 0 1
293 14 0 2
294 16 0 1
295 15 0 1
296 14 0 2
297 14 0 1
298 17 0 2
299 15 0 2
300 15 0 1
301 15 0 1
302 15 0 2
303 13 0 1
304 14 0 2
305 15 0 2
306 15 0 2
307 18 0 2
308 18 0 2
309 15 0 2
310 16 0 1
311 16 0 1
312 17 0 1
313 16 0 2
314 15 0 2
315 17 0 1
316 17 0 2
317 15 0 2
318 14 0 2
319 16 0 3
320 19 0 2
321 17 0 2
322 16 0 1
323 14 0 2
324 15 0 2
325 16 0 2
326 16 0 2
327 16 0 1
328 15 0 1
329 14 0 2
330 15 0 1
331 16 0 1
332 16 0 1
333 17 0 2
334 16 0 3
335 16 0 1
336 19 0 1
337 17 0 2
338 18 0 1
339 16 0 1
340 15 0 2
341 19 0 3
342 18 0 1
343 19 0 1
344 19 0 1
345 18 0 2
346 17 0 2
347 16 0 2
348 16 0 1
349 18 0 2
350 19 0 3
351 18 0 1
352 20 0 1
353 20 0 2
354 21 0 2
355 19 0 1
356 22 0 1
357 21 0 2
358 21 0 1
359 22 0 2
360 19 0 2
361 17 0 1
362 17 0 1
363 18 0 1
364 18 0 2
365 17 0 1
366 18 0 2
367 18 0 1
368 17 0 1
369 19 0 1
370 20 0 2
371 21 0 2
372 21 0 2
373 20 0 1
374 21 0 1
375 21 0 1
376 18 0 1
377 20 0 0
378 23 0 2
379 19 0 1
380 19 0 2
381 20 0 1
382 21 0 1
383 21 0 1
384 19 0 2
385 20 0 2
386 20 0 2
387 21 0 1
388 18 0 1
389 20 0 1
390 23 0 1
391 24 0 1
392 24 0 2
393 24 0 2
394 23 0 1
395 22 0 1
396 20 0 1
397 20 0 2
398 19 0 3
399 19 0 2
400 16 0 1
