0 0 0 0
1 0 0 0
2 0 0 0
3 0 0 0
4 0 0 0
5 0 0 0
6 0 0 0
7 0 0 0
8 1 0 0
9 1 0 0
10 0 0 0
11 2 0 0
12 2 0 0
13 2 0 0
14 1 0 0
15 1 0 0
16 2 0 0
17 3 0 0
18 3 0 0
19 4 0 0
20 4 0 0
21 3 0 0
22 5 0 0
23 7 0 0
24 8 0 0
25 12 0 0
26 10 0 0
27 10 0 0
28 10 0 0
29 9 0 0
30 10 0 0
31 14 0 0
32 13 0 0
33 13 0 0
34 14 0 0
35 13 0 0
36 15 0 0
37 13 0 0
38 13 0 0
39 15 0 0
40 16 0 0
41 13 0 0
42 15 0 0
43 17 0 0
44 16 0 0
45 14 0 0
46 16 0 0
47 14 0 0
48 14 0 0
49 17 0 0
50 15 0 0
51 17 0 0
52 17 0 0
53 15 0 0
54 20 0 0
55 19 0 0
56 20 0 0
57 16 0 0
58 17 0 0
59 19 0 0
60 19 0 0
61 21 0 0
62 19 0 0
63 19 0 0
64 21 0 0
65 21 0 0
66 20 0 0
67 21 0 0
68 22 0 0
69 22 0 0
70 22 0 0
71 21 0 0
72 21 0 0
73 20 0 0
74 21 0 0
75 20 0 0
76 24 0 0
77 21 0 0
78 20 0 0
79 21 0 0
80 22 0 0
81 21 0 0
82 20 0 0
83 22 0 0
84 23 0 0
85 21 0 0
86 23 0 0
87 22 0 0
88 21 0 0
89 22 0 0
90 23 0 0
91 21 0 0
92 22 0 0
93 25 0 0
94 22 0 0
95 21 0 0
96 23 0 0
97 24 0 0
98 22 0 0
99 22 0 0
100 22 0 0
101 22 0 0
102 21 0 0
103 20 0 0
104 17 1 0
105 18 1 0
106 19 1 0
107 20 1 0
108 22 1 0
109 20 1 0
110 21 1 0
111 21 1 0
112 22 1 0
113 20 1 0
114 22 1 0
115 22 1 0
116 22 1 0
117 22 1 0
118 23 1 0
119 22 1 0
120 21 1 0
121 20 1 0
122 21 1 0
123 19 1 0
124 19 1 0
125 19 1 0
126 18 1 0
127 20 1 0
128 19 1 0
129 20 1 0
130 20 1 0
131 24 1 0
132 22 1 0
133 23 1 0
134 20 1 0
135 23 1 0
136 21 1 0
137 22 1 0
138 22 1 0
139 24 1 0
140 25 1 0
141 24 1 0
142 25 1 0
143 24 1 0
144 22 1 0
145 22 1 0
146 23 1 0
147 21 1 0
148 19 1 0
149 19 1 0
150 19 1 0
151 20 1 0
152 21 1 0
153 21 1 0
154 23 1 0
155 24 1 0
156 24 1 0
157 19 1 0
158 23 1 0
159 25 1 0
160 25 1 0
161 27 1 0
162 26 1 0
163 25 1 0
164 25 1 0
165 24 1 0
166 24 1 0
167 24 1 0
168 21 1 0
169 21 1 0
170 21 1 0
171 21 1 0
172 20 1 0
173 21 1 0
174 20 1 0
175 21 1 0
176 20 1 0
177 21 1 0
178 25 1 0
179 25 1 0
180 25 1 0
181 26 1 0
182 26 1 0
183 24 1 0
184 24 1 1
185 24 1 0
186 26 1 0
187 27 1 0
188 24 1 0
189 24 1 0
190 25 1 0
191 22 1 1
192 22 1 1
193 22 1 1
194 23 1 1
195 24 1 0
196 25 1 0
197 25 1 0
198 25 1 0
199 25 1 1
200 24 1 1
201 26 1 0
202 26 1 0
203 26 1 0
204 23 1 0
205 25 1 0
206 25 1 0
207 23 1 0
208 23 1 0
209 24 1 1
210 26 1 1
211 27 1 0
212 26 1 0
213 25 1 0
214 23 1 0
215 23 1 1
216 24 1 1
217 24 1 1
218 24 1 1
219 25 1 0
220 23 1 0
221 25 1 1
222 26 1 1
223 27 1 1
224 30 1 0
225 28 1 0
226 28 1 1
227 29 1 1
228 29 1 1
229 31 1 1
230 30 1 1
231 28 1 1
232 29 1 1
233 29 1 1
234 27 1 1
235 27 1 1
236 28 1 1
237 29 1 1
238 28 1 1
239 29 1 1
240 30 1 1
241 29 1 1
242 30 1 1
243 30 1 1
244 30 1 0
245 32 1 1
246 29 1 1
247 29 1 1
248 28 1 1
249 31 1 1
250 32 1 1
251 30 1 0
252 30 1 0
253 29 1 1
254 31 1 1
255 31 1 1
256 29 1 1
257 28 1 1
258 28 1 1
259 31 1 1
260 29 1 1
261 32 1 1
262 30 1 1
263 32 1 1
264 31 1 1
265 33 1 1
266 33 1 1
267 32 1 1
268 32 0 1
269 33 1 0
270 33 1 1
271 32 1 1
272 35 1 1
273 33 1 0
274 30 1 1
275 28 1 1
276 28 1 1
277 30 1 1
278 29 1 1
279 32 1 1
280 29 1 1
281 31 1 1
282 32 1 1
283 32 1 1
284 30 1 1
285 30 1 1
286 28 1 1
287 24 1 1
288 25 1 1
289 27 1 1
290 30 1 1
291 28 1 1
292 28 1 1
293 28 2 1
294 28 1 1
295 27 1 1
296 28 0 1
297 28 0 1
298 30 0 1
299 30 1 1
300 31 0 1
301 31 0 1
302 30 0 1
303 30 0 1
304 31 1 1
305 32 1 1
306 31 0 1
307 30 0 1
308 31 1 1
309 31 0 1
310 30 1 1
311 30 1 1
312 30 0 1
313 31 0 1
314 27 1 1
315 27 1 2
316 28 1 2
317 27 0 2
318 27 0 2
319 27 1 2
320 29 0 2
321 30 1 1
322 29 1 2
323 26 1 2
324 26 1 2
325 30 0 2
326 30 0 1
327 28 0 1
328 29 1 1
329 28 1 1
330 29 1 1
331 30 1 1
332 27 1 1
333 30 1 1
334 29 1 1
335 30 1 2
336 29 1 1
337 31 1 1
338 29 1 2
339 29 1 1
340 30 1 1
341 30 1 1
342 28 1 2
343 30 1 1
344 26 1 2
345 26 1 1
346 30 1 1
347 31 1 2
348 30 1 2
349 34 1 1
350 33 1 2
351 32 1 2
352 32 1 2
353 29 1 2
354 31 1 1
355 30 1 2
356 30 1 1
357 30 1 2
358 32 1 2
359 31 1 1
360 29 1 2
361 34 1 2
362 32 1 1
363 33 1 2
364 32 1 2
365 32 1 2
366 31 1 2
367 29 1 2
368 30 1 2
369 30 2 2
370 31 2 2
371 28 0 2
372 27 0 2
373 28 0 2
374 31 1 2
375 30 0 2
376 31 0 2
377 33 0 2
378 33 1 2
379 33 1 2
380 34 1 2
381 36 1 2
382 33 1 2
383 37 1 2
384 37 0 2
385 36 1 2
386 36 1 2
387 35 0 2
388 36 1 2
389 37 1 1
390 34 0 2
391 33 1 2
392 34 1 2
393 36 0 1
394 37 0 2
395 36 0 2
396 38 0 2
397 36 0 2
398 34 0 2
399 33 1 2
400 34 0 2
